49
49
55
46
46
47
50
55
53
52
56
48
40
39
50
59
39
35
49
55
47
53
46
25
63
58
52
53
54
30
56
50
32
57
64
43
48
59
57
58
42
59
43
45
49
58
62
44
50
44
36
58
53
51
53
49
56
50
54
44
45
17
62
45
51
48
64
50
63
50
56
40
44
48
46
53
45
51
46
50
64
48
61
47
48
57
56
52
49
59
51
44
51
44
49
57
57
50
47
52
44
47
27
47
54
44
61
61
46
17
49
47
51
51
59
44
42
52
46
57
49
56
57
49
57
53
44
46
57
49
49
53
49
55
48
62
36
17
42
49
45
21
49
56
36
54
49
51
9
48
56
40
49
45
53
53
43
51
51
32
62
43
21
10
52
50
54
55
53
49
50
17
57
62
50
53
37
30
13
44
43
34
46
42
55
49
50
46
52
54
53
50
44
52
49
54
51
59
50
56
51
50
44
51
54
50
52
62
50
54
43
49
56
42
61
42
54
41
49
57
48
53
53
49
47
48
46
54
43
52
61
46
40
56
50
48
53
50
52
48
50
51
49
53
63
46
29
51
51
56
50
48
46
50
54
45
47
47
9
57
57
50
54
45
54
49
46
54
21
58
26
52
48
42
45
50
50
48
57
50
38
40
51
54
47
54
48
39
50
54
54
56
54
57
50
53
17
55
58
42
43
53
54
57
42
46
45
53
49
51
46
62
50
39
58
56
55
44
51
58
61
39
49
42
51
60
43
47
53
46
59
56
58
43
57
4
46
53
44
42
52
44
48
52
53
51
53
49
51
49
50
49
63
41
55
37
19
34
46
52
49
53
57
55
55
54
48
57
59
46
50
54
13
54
57
49
53
30
55
47
51
36
52
41
47
39
1
44
50
38
50
45
55
51
51
5
40
43
27
49
60
52
34
47
49
17
59
63
56
41
33
42
46
63
52
45
48
3
51
61
49
49
58
56
46
53
59
50
37
21
58
47
44
47
54
56
39
58
55
51
59
48
48
51
61
55
56
45
55
49
54
45
48
60
50
41
48
47
53
48
57
58
59
54
49
12
55
55
59
51
36
48
49
54
54
51
49
57
54
54
51
52
20
48
54
57
44
5
50
50
52
53
56
44
54
63
53
53
44
56
47
60
49
57
58
58
49
2
8
57
51
51
51
58
49
53
63
47
45
57
49
35
53
52
55
50
43
51
56
46
59
51
45
56
51
44
42
59
45
53
53
43
46
57
60
58
53
49
56
49
52
53
44
49
47
43
28
42
50
53
49
46
53
39
57
60
23
41
47
48
40
58
51
63
44
44
49
47
21
48
60
56
46
50
44
48
50
55
47
54
48
46
50
47
41
49
47
14
47
57
50
51
45
56
55
46
49
49
38
50
54
51
56
47
39
47
58
52
50
46
56
51
53
55
43
51
49
26
56
45
47
51
50
47
44
56
51
53
57
47
53
13
57
53
46
53
43
54
53
52
47
57
48
51
29
60
51
50
44
54
32
7
56
59
34
40
49
18
56
40
67
48
53
46
59
52
53
57
49
49
57
61
16
54
58
59
51
54
49
48
49
55
47
44
46
43
51
52
41
53
45
54
51
45
47
52
56
48
10
52
50
23
50
48
12
53
48
61
42
49
48
45
52
47
47
42
40
62
37
51
51
53
49
47
48
21
31
46
58
46
50
55
54
58
50
49
53
44
54
53
46
53
49
55
47
52
48
50
42
62
48
41
52
61
59
14
51
49
59
52
53
57
52
56
50
51
54
60
58
56
57
44
50
50
51
54
27
45
60
46
53
51
43
54
57
47
48
51
51
46
45
47
52
49
47
50
49
55
8
51
32
56
49
47
47
58
56
54
57
59
50
42
61
46
54
52
43
54
52
51
45
50
51
46
53
44
53
15
51
51
42
43
34
47
56
56
50
59
48
41
41
48
56
48
47
55
47
58
53
55
48
54
50
52
46
56
53
52
53
48
51
52
47
51
59
49
57
47
52
49
51
47
43
55
43
57
56
52
54
45
18
58
55
49
60
61
54
45
50
48
51
50
48
54
53
15
53
48
38
57
55
52
53
46
57
24
56
55
54
54
46
51
49
49
50
54
61
54
57
48
60
50
50
52
52
55
59
57
55
54
48
46
46
55
42
49
50
39
41
58
36
45
61
58
48
27
53
57
42
57
55
49
49
25
59
50
54
54
53
49
45
53
50
52
52
51
48
57
59
52
27
48
49
52
52
50
51
47
43
52
5
61
45
56
49
49
47
44
57
51
56
7
50
36
44
55
21
49
48
55
50
55
49
58
56
43
50
59
52
57
43
42
50
60
51
50
48
43
43
49
55
52
55
50
49
47
50
48
61
53
51
28
46
55
52
55
51
46
53
22
49
50
35
51
51
42
50
49
47
52
58
30
46
51
55
44
50
53
58
59
55
60
47
41
48
56
53
60
33
57
62
6
41
62
50
10
52
40
50
34
49
40
58
54
41
47
1
59
46
59
57
50
55
59
48
50
65
31
55
48
59
50
47
57
54
56
48
47
50
52
56
59
53
53
55
58
54
48
45
56
43
50
51
59
61
55
51
47
49
51
42
48
30
49
46
47
58
54
45
8
48
52
57
47
54
47
57
45
48
49
57
3
64
52
51
49
44
44
66
45
39
29
35
54
53
54
60
57
51
56
50
58
51
60
50
43
41
33
46
43
51
39
49
55
52
51
63
58
57
51
49
55
65
53
54
51
54
52
55
52
44
54
52
51
44
43
45
60
41
53
27
52
57
64
50
53
46
52
50
55
44
52
52
37
52
45
58
46
57
8
54
57
55
52
45
50
52
44
36
56
41
41
62
43
41
45
56
51
54
52
56
44
34
59
57
50
55
56
50
55
58
63
49
40
50
57
53
39
52
55
46
49
42
57
40
42
49
52
45
52
56
45
51
52
53
50
46
50
57
52
48
46
57
57
46
47
10
60
57
54
55
45
44
50
40
47
48
52
44
46
49
34
52
51
49
50
48
46
53
45
47
51
22
17
48
47
52
55
56
51
46
54
58
56
47
60
51
47
60
26
58
51
58
56
42
46
52
51
53
26
59
57
60
50
51
45
48
44
54
49
55
51
55
54
44
58
45
44
48
50
49
54
60
48
48
4
47
34
50
43
41
55
55
51
48
48
63
42
52
44
44
49
54
46
44
53
20
48
52
36
43
56
55
49
53
41
42
53
39
48
49
14
58
47
42
55
51
42
50
50
46
47
41
60
52
53
47
55
51
52
51
58
36
49
46
53
48
45
48
46
51
47
49
44
54
59
47
57
56
42
54
22
57
41
45
51
54
49
50
55
46
54
51
20
59
34
54
45
57
54
51
48
59
59
45
52
53
54
52
48
58
19
58
54
48
60
42
51
48
64
50
56
39
47
50
54
49
46
48
55
63
48
53
57
52
47
36
44
46
50
48
47
45
52
52
56
10
52
46
47
51
54
42
50
55
50
43
48
55
47
56
47
53
57
7
39
61
52
54
51
50
58
56
55
50
50
57
54
52
49
50
48
53
58
48
49
45
48
56
55
51
60
39
41
50
49
28
51
61
58
48
54
39
43
57
58
53
56
49
50
47
56
44
47
51
48
50
56
42
53
49
52
45
58
57
43
50
45
50
46
44
48
51
46
26
55
55
54
59
48
49
53
54
50
50
48
53
42
55
55
47
39
56
37
42
50
54
23
46
43
49
44
54
43
49
45
49
61
25
53
52
46
48
52
48
55
37
54
54
58
39
49
54
50
41
48
43
56
51
49
51
55
55
9
48
53
55
56
49
54
57
50
48
46
52
53
48
51
52
54
53
50
47
41
40
51
47
54
58
52
31
56
40
7
59
54
51
47
56
25
44
52
50
44
49
48
52
52
51
50
48
58
52
47
44
48
53
58
49
52
50
23
51
57
47
47
50
52
44
47
51
45
50
42
61
59
49
29
50
46
52
62
49
60
49
51
48
48
57
54
54
67
46
52
46
46
50
44
49
57
52
52
51
55
61
53
53
44
54
50
51
50
50
57
65
42
45
53
52
48
53
42
45
52
52
56
57
48
46
57
53
22
13
56
52
60
22
50
48
23
52
53
57
54
27
49
54
45
49
28
53
51
63
31
47
54
44
50
49
54
48
60
54
15
60
46
50
49
55
51
56
12
49
53
45
53
59
45
57
40
58
48
52
5
19
48
34
56
59
18
55
50
4
49
43
49
47
60
49
51
59
53
41
53
54
32
51
47
31
49
57
57
49
43
37
7
44
37
58
57
56
37
52
47
54
57
46
27
46
44
50
47
43
53
59
48
49
44
50
44
46
64
54
38
45
51
40
63
49
59
46
55
49
46
54
24
49
61
61
9
51
59
46
52
41
43
52
43
20
53
53
53
54
53
50
50
37
50
51
48
49
48
51
54
58
51
47
59
37
48
23
51
51
29
48
59
9
54
49
51
47
50
50
47
42
45
30
46
54
50
36
54
53
49
51
18
52
33
54
53
46
48
53
48
52
57
56
46
52
50
