1000
741432330 2
220692087 2
290943644 2
181425832 2
542026648 2
65407272 2
11222652 2
370128760 2
17445270 2
369540390 2
475698223 2
584441844 2
88314628 2
22115610 2
608574369 2
501909036 2
405281840 2
310905738 2
151358220 2
506293005 2
498993950 2
130472475 2
85537866 2
407780360 2
54446580 2
208747602 2
100415678 2
591550340 2
200828556 2
16488687 2
536352594 2
139215174 2
531286145 2
397666074 2
105591816 2
69251016 2
194035350 2
250180566 2
82106640 2
291840021 2
233674686 2
240408594 2
241930767 2
115133993 2
188431068 2
59291400 2
638396640 2
297881151 2
404035146 2
637257740 2
357133436 2
697460820 2
18909072 2
672135957 2
60620 2
494257166 2
320355328 2
149717544 2
149074825 2
312385437 2
324076724 2
345071004 2
234353652 2
777353580 2
141112575 2
526702379 2
148718502 2
281805615 2
115420360 2
360143212 2
41494992 2
277006838 2
201342550 2
653238919 2
178769200 2
200635596 2
20651596 2
83313328 2
797499978 2
19659744 2
62512368 2
599451615 2
168822038 2
59378292 2
331845800 2
647838345 2
325813436 2
248111036 2
125984288 2
404326935 2
414833661 2
632370752 2
827042812 2
123274480 2
585148354 2
254202999 2
306164888 2
45901556 2
265195770 2
45843819 2
54682152 2
7866592 2
30104332 2
332607420 2
23287235 2
378570745 2
156693804 2
322968965 2
151117812 2
7283034 2
324728208 2
65370780 2
79303690 2
416526670 2
70886340 2
31106880 2
355638978 2
22813512 2
462911850 2
802381692 2
291590727 2
397207000 2
161699384 2
32244246 2
11829258 2
402290172 2
200831400 2
14635404 2
102570111 2
599242644 2
134701736 2
635035488 2
157233120 2
228590541 2
110714273 2
227515888 2
145597877 2
49451292 2
556036884 2
506703750 2
53931508 2
110191168 2
582408824 2
2201364 2
730831920 2
10910968 2
448302376 2
573297816 2
101049325 2
108639680 2
338810004 2
564514272 2
133396803 2
747671451 2
338713440 2
247514135 2
102314510 2
560449824 2
140035501 2
40212811 2
253823625 2
113955591 2
637058958 2
153468150 2
98911428 2
276948989 2
182392210 2
8464911 2
140193760 2
197315475 2
183689730 2
15469798 2
276872004 2
964076579 2
393445296 2
8327664 2
8748117 2
61381314 2
79114336 2
270386610 2
209866690 2
98055168 2
827188104 2
92534621 2
152668680 2
802695560 2
105908258 2
943317692 2
948128550 2
761627086 2
313918533 2
61041501 2
3281040 2
8054936 2
28893753 2
37766520 2
67522688 2
95218417 2
30115456 2
224690687 2
263112723 2
109718260 2
57868050 2
92372624 2
33761252 2
37459734 2
18981928 2
88821943 2
444461052 2
52942764 2
680583048 2
173725075 2
410125194 2
882157164 2
872707615 2
14188286 2
175704875 2
729822153 2
68068036 2
83638542 2
81450468 2
32371456 2
426879740 2
510195688 2
737781534 2
60078744 2
172160150 2
93711924 2
342283751 2
46432985 2
38318568 2
957451572 2
278714660 2
757404000 2
883943590 2
88871223 2
99604791 2
432114678 2
88807653 2
147597548 2
593587030 2
49892625 2
484354500 2
546886665 2
685372380 2
90145764 2
399112720 2
26809204 2
132914793 2
51746544 2
472453937 2
26095836 2
820364045 2
293173740 2
3391318 2
4158304 2
645195993 2
352541442 2
33154947 2
56344512 2
889382874 2
216483574 2
168382910 2
530504975 2
382060644 2
164977605 2
313107353 2
193232944 2
115550384 2
380138444 2
198972774 2
154445571 2
122471715 2
6243930 2
36687024 2
469700882 2
366423750 2
588049468 2
91468496 2
205744605 2
529462530 2
16564410 2
158765520 2
426375280 2
82816821 2
2865792 2
533106477 2
212325880 2
301726574 2
10337319 2
418460331 2
249914106 2
130495230 2
47561943 2
54593154 2
639925440 2
274062860 2
649675982 2
103526358 2
471922852 2
81652536 2
432831300 2
219402230 2
57438498 2
67520832 2
75105201 2
935463537 2
35319504 2
171571712 2
326576668 2
370775526 2
51487290 2
123893525 2
8704878 2
35896067 2
191356360 2
38231750 2
29102304 2
505562888 2
79237572 2
669293694 2
69681582 2
202655277 2
109560802 2
348871322 2
342838128 2
921089700 2
33832053 2
681206112 2
160757600 2
561170187 2
176246588 2
246649158 2
366851436 2
756534952 2
34715806 2
90122354 2
144785980 2
208930226 2
26928132 2
70783464 2
510638271 2
211226664 2
868766476 2
102978518 2
480430820 2
921094920 2
431541335 2
173715629 2
769095574 2
726823572 2
279077876 2
31011740 2
313467650 2
73203600 2
219023640 2
221338700 2
74858936 2
55124720 2
8316336 2
341367240 2
211807758 2
142515180 2
142734668 2
7788907 2
788803202 2
363503828 2
219923680 2
20599538 2
103063942 2
106935540 2
174282498 2
438700644 2
461923915 2
25053105 2
374677347 2
285675858 2
211710915 2
631950956 2
199564480 2
125598473 2
288278526 2
535574259 2
20213544 2
289747468 2
2487296 2
438265216 2
187523801 2
6292542 2
36600960 2
713989068 2
134371344 2
205185070 2
104173564 2
167415141 2
956591328 2
431103160 2
246645783 2
203553658 2
86277856 2
675952056 2
168148438 2
68038284 2
95211405 2
271354479 2
209174640 2
108159813 2
474435063 2
689063954 2
69520542 2
751169510 2
527054166 2
149544556 2
57621600 2
693582240 2
921384790 2
14796800 2
352539136 2
84064250 2
231982270 2
173801836 2
590434204 2
87491605 2
199449660 2
99684032 2
107069508 2
838435500 2
113286789 2
137981340 2
280034464 2
115873542 2
110765364 2
101611620 2
484655185 2
122315265 2
687746598 2
441106470 2
276124356 2
242367292 2
537768768 2
146826060 2
597059946 2
780981448 2
6238464 2
113015826 2
174502944 2
55900998 2
3354435 2
531378315 2
532179090 2
132901664 2
69282066 2
217892090 2
323851500 2
120355224 2
256681272 2
939077171 2
580368866 2
893864337 2
240029719 2
11787344 2
288670750 2
528868306 2
79464270 2
574956720 2
95544144 2
249092662 2
285146937 2
510479151 2
444382126 2
124056448 2
178084240 2
49443114 2
425725900 2
207906017 2
33056903 2
14058291 2
430097925 2
750689360 2
42127572 2
131672604 2
2803240 2
344187774 2
237831714 2
109800848 2
188655039 2
159569636 2
102286392 2
393857085 2
107526600 2
419997204 2
126078381 2
39543942 2
15242165 2
112247916 2
493403625 2
69380217 2
110537130 2
512507980 2
484943949 2
292035840 2
11331768 2
299638983 2
189775768 2
60405138 2
8944856 2
76230323 2
144968688 2
118580301 2
4335505 2
335515550 2
618948988 2
31049180 2
591857280 2
221810736 2
20605088 2
21219898 2
421452744 2
503688915 2
166658700 2
34097228 2
568166848 2
346566794 2
542672494 2
14204126 2
76936014 2
23823468 2
30523918 2
454326728 2
127199056 2
216789688 2
854569635 2
139299942 2
816555306 2
33622379 2
2267656 2
6802954 2
572951646 2
449849916 2
396755572 2
73192905 2
136484746 2
203769312 2
12217600 2
50355954 2
860515095 2
415958322 2
828546708 2
43800504 2
299335040 2
257934696 2
339713325 2
99062900 2
90790392 2
798170828 2
3344315 2
143491392 2
122345475 2
290658201 2
297227575 2
205076100 2
202089890 2
502089804 2
14040532 2
9609006 2
383444790 2
291441160 2
663285216 2
395460000 2
732288120 2
311407448 2
640153800 2
13529049 2
108968189 2
378557358 2
146715800 2
839166750 2
603257430 2
443918469 2
532293244 2
262749216 2
197230704 2
367581255 2
94873860 2
759242834 2
39360028 2
364089740 2
1011809056 2
62528696 2
87207717 2
685325916 2
276505472 2
245013474 2
107638149 2
24413949 2
177360085 2
177714838 2
202009696 2
543752369 2
172063044 2
28017409 2
293171058 2
244848945 2
465140145 2
56337828 2
21319056 2
19796432 2
808960299 2
56626700 2
10553436 2
55017543 2
123948832 2
573953989 2
495889504 2
90245250 2
9845 2
166450238 2
357806894 2
123540264 2
513065049 2
19981958 2
4904052 2
274546308 2
1857240 2
333944500 2
23033920 2
248107230 2
232731639 2
84313180 2
459757210 2
741623912 2
39173134 2
481570704 2
468147492 2
395217165 2
349245168 2
34600950 2
11753088 2
12511975 2
119238119 2
280898618 2
351748656 2
1599930 2
67421950 2
79522688 2
331191700 2
261731295 2
223147008 2
68811952 2
207600078 2
227079863 2
129553178 2
156132522 2
2527776 2
156751775 2
156810276 2
192133116 2
249083692 2
564074472 2
131847834 2
3228708 2
659526284 2
73793202 2
363047250 2
159531750 2
643839 2
153211250 2
372364509 2
354310655 2
332166768 2
356241568 2
200054894 2
270819700 2
152835220 2
592184112 2
76299693 2
76359420 2
524396961 2
107064756 2
119122980 2
304621140 2
60404400 2
783265681 2
105937496 2
173777856 2
224686484 2
12550244 2
9643204 2
180459500 2
75528240 2
227768736 2
19453750 2
15572592 2
625350801 2
37955220 2
695653614 2
200591088 2
535590495 2
133015366 2
17915620 2
401129430 2
229918975 2
173142967 2
336665952 2
44121850 2
477555228 2
63911409 2
143402076 2
69186828 2
8737876 2
11820040 2
403549998 2
238526631 2
458367758 2
333715200 2
147616388 2
86394150 2
6501003 2
114660810 2
632107008 2
35790720 2
50551390 2
9461504 2
141852486 2
642660260 2
344850646 2
385682734 2
872041145 2
436385150 2
337150905 2
435798526 2
159058740 2
159697240 2
142705200 2
24758272 2
94457664 2
470874768 2
598105000 2
32777472 2
28154048 2
617031108 2
311595623 2
220066483 2
230065150 2
336360268 2
18341316 2
433031130 2
671062733 2
211062950 2
338520738 2
26396670 2
650796867 2
171382706 2
562388500 2
495594008 2
248003441 2
404503200 2
715375441 2
219785586 2
605528644 2
300629016 2
784139544 2
204858984 2
749983140 2
144194040 2
27382665 2
652764672 2
182997126 2
181296006 2
655753780 2
510055608 2
381129307 2
182251400 2
171780552 2
71842560 2
38147784 2
635647768 2
15440519 2
34480248 2
503724032 2
20726853 2
302020974 2
675756830 2
98076636 2
196868520 2
108043256 2
111995156 2
189317908 2
471259536 2
145052446 2
45925074 2
192288609 2
5036454 2
249286940 2
288491496 2
293142576 2
334837710 2
329992500 2
87437805 2
460625055 2
359453164 2
741572608 2
112473452 2
190643481 2
5583440 2
1863189 2
36239002 2
61842942 2
199010050 2
201920524 2
287603960 2
153028950 2
661900 2
201849075 2
174499866 2
5155650 2
645720780 2
12409650 2
68947410 2
273342186 2
486562032 2
186835530 2
336826656 2
139033314 2
13686894 2
525363200 2
165626286 2
5761314 2
499109760 2
337752639 2
770491942 2
507855953 2
4982472 2
564701732 2
269926776 2
74455224 2
236837036 2
438771222 2
30536592 2
47759376 2
166573800 2
154838034 2
6247386 2
171867930 2
9516864 2
110534424 2
810205482 2
178780500 2
8055168 2
105830280 2
225021216 2
42804061 2
557704476 2
2116400 2
159903075 2
6652842 2
604348520 2
730864944 2
847638359 2
504630399 2
831059645 2
376007228 2
635968220 2
172875570 2
452633354 2
10427328 2
256857741 2
374565002 2
672163702 2
530353614 2
53183432 2
620727414 2
378634487 2
369345382 2
168943180 2
96795480 2
106504506 2
182934245 2
222314944 2
170791071 2
582591213 2
619176432 2
246762450 2
381162765 2
71585076 2
472556915 2
53912760 2
418373760 2
139719481 2
127482201 2
283523493 2
530100250 2
221839002 2
380340072 2
26846298 2
379121440 2
461676056 2
92890612 2
629695604 2
275082490 2
654967803 2
539561088 2
25861440 2
109881767 2
244642580 2
402959808 2
164489346 2
274547856 2
254908200 2
300204735 2
388724193 2
25489926 2
16975107 2
960741 2
299634809 2
504977480 2
118640154 2
180922469 2
628152624 2
576083700 2
169165260 2
271540131 2
453794595 2
143428080 2
491557694 2
319024542 2
487862423 2
14455224 2
224351124 2
42102018 2
660425326 2
49618410 2
203202188 2
24082842 2
407146135 2
320794311 2
73040640 2
524961000 2
370577196 2
49970886 2
470550528 2
486511344 2
26498105 2
592423384 2
290635136 2
20583894 2
347989296 2
100957664 2
232621402 2
54656132 2
16258930 2
253388212 2
234503250 2
929224352 2
147911322 2
2601303 2
115824207 2
199032726 2
92782976 2
111841776 2
619039250 2
163432098 2
82548162 2
98194875 2
374695653 2
384828288 2
89165492 2
32252580 2
63202362 2
126431144 2
63841232 2
559428840 2
399021381 2
934522806 2
133953320 2
63660689 2
14477332 2
196893865 2
126161280 2
226718790 2
817963364 2
108025337 2
22848196 2
511057800 2
409261970 2
501762087 2
19675285 2
5455562 2
366360558 2
274794100 2
124727560 2
391322778 2
124636020 2
784006038 2
138168392 2
12654048 2
168388032 2
323011165 2
279557792 2
9826910 2
