200
1 2
1 3
1 4
1 5
1 34
1 72
1 114
2 11
2 64
2 89
3 10
3 16
3 42
3 66
4 38
4 45
4 159
5 6
5 9
5 15
5 17
5 35
6 7
6 8
7 29
7 47
7 56
7 104
7 133
8 13
8 28
8 54
8 60
9 12
9 26
9 87
9 91
9 185
10 19
10 27
10 79
10 80
11 25
11 132
12 14
13 18
13 41
13 52
14 39
14 93
15 21
15 53
15 85
15 153
15 197
16 44
16 82
16 181
17 22
17 30
18 20
18 23
18 24
19 129
21 51
21 124
22 196
23 36
24 37
24 48
24 83
24 92
24 131
25 33
25 49
25 61
25 88
25 174
26 31
26 55
26 71
26 162
27 158
28 40
28 123
28 187
29 57
29 78
30 43
30 77
31 32
31 96
31 126
32 113
34 63
34 107
34 144
37 120
37 192
38 50
38 119
38 171
38 186
39 46
40 86
40 115
41 127
46 58
46 62
46 173
47 69
47 105
48 59
49 143
51 150
53 76
53 98
53 99
54 68
54 108
55 118
56 65
56 179
57 67
57 130
60 189
61 70
63 199
64 117
65 165
66 147
66 164
67 73
67 112
69 74
69 128
69 169
70 166
70 168
71 149
71 178
72 75
74 134
75 81
75 95
75 135
76 84
78 154
79 157
80 90
80 101
80 110
80 116
84 109
86 100
89 142
89 191
89 198
90 94
92 137
93 103
93 106
93 139
93 167
95 97
95 141
96 175
97 121
98 125
99 102
103 122
105 146
110 111
113 148
120 156
120 161
121 194
126 138
128 140
128 152
130 170
132 188
133 136
134 160
136 155
136 176
138 145
141 180
142 163
147 190
150 151
164 177
164 183
166 172
170 182
172 184
185 193
192 195
193 200
