1
1000000000 200
103876970 878916483
997615521 43992267
295452472 952146679
838436668 230666324
26795276 675343093
312947618 230304261
160861611 401391065
293736251 74622204
559752342 824807536
815053273 398398103
758190229 426921291
113809309 341222970
437542413 503579294
398823074 378465770
66782135 386975973
977989519 984237198
389529816 460958814
559510875 502322766
767054322 406127853
166897115 865346167
987666487 757307806
77121397 782077621
377868047 115622835
108418725 506713422
770659411 450116738
871254956 486078358
24214258 793896293
636356637 780344737
490075638 324047131
354562771 898028140
751089261 645029460
978521514 179908815
529963484 643714066
92825556 105975585
710157197 10237854
331714806 126628835
678458146 430342174
476138219 264702962
178393985 454022962
594860974 801566735
946696647 645382901
293872090 818378450
264653691 528723640
926919723 698011009
471568970 420733654
676725172 986108803
371826606 119791198
443977861 244384671
634211375 222743758
426140335 809160277
607704780 256595831
650616771 985231400
152743623 505545946
883614177 963647161
970182640 913340784
228017684 480346085
209125964 650679964
296508295 530033707
191446208 42131513
605449946 760542824
892394511 41514303
191154039 670491149
688894332 55694578
783426190 570151978
107825704 454693614
38022521 696787246
96095912 544891636
43669281 861830873
729808989 392340853
271428251 377406499
451436391 302432627
722628041 464545955
484943085 560910155
696470210 334028480
183919427 163913812
291213936 221599879
679551092 494242480
934663257 216066064
282597392 64164265
211099698 829896588
405175603 716956897
267991559 828850489
97635301 389043722
375432107 85026151
661031267 990603122
139324265 125818299
841294614 266539003
534797163 86223735
534759388 632185489
302906103 901556179
911211248 36020021
694968497 45925639
276338482 798683321
934841684 107023961
646185033 646632411
676632778 807174145
53347173 362407975
512524904 610350842
745622523 229964340
433457966 802262015
252347178 849968437
860555872 574482992
214236720 376731584
924802745 218294767
225490056 913002953
647184033 945580340
280050544 26572297
444979589 380183652
785137834 490617987
969243832 517100518
796975568 205411788
163790960 419090164
775315944 996626121
297609887 538966564
544727221 718714681
181835096 899347251
472532124 300502461
351968464 522163723
885176860 222958378
406452750 792461691
42250708 134763364
20081445 958259454
160053876 363704543
601190776 750512580
460003881 33312190
435454997 307273282
329882955 618781050
599990087 378153650
599452180 995180423
92886764 53651467
876473369 510176737
636954147 735281044
653549220 897372574
460703554 243562155
781457804 640918834
798159979 30992968
826501246 423463537
854085822 127796836
808270246 209555729
201258862 91746789
685781976 168864454
332687536 22196548
471705708 205333014
479737927 416623144
420584851 618157559
455848641 538911432
531856959 827134330
110484282 520394099
929524705 133931660
537933499 849482475
628306564 988495330
104636638 895954385
43176674 843116586
670853195 176010221
256565012 43980265
516334721 272018912
511674921 760950733
121410395 202048255
139215329 806948405
794188121 341086036
558951332 241835539
442473013 887564392
455462094 661588583
464945008 736073667
231796604 40126203
788959707 104058145
980740668 905801604
187256463 624200450
715493565 681809118
298394291 281649390
406332926 467914588
500850208 920516814
432537040 234815818
342506263 888610254
168432912 883405358
785806098 792097269
531857684 182316173
224449911 851238131
416203759 2277008
934101847 303001267
554540807 569701891
871807106 844352242
707005144 998400432
39681917 749370474
217339711 976711898
819018364 595264172
177197576 108928573
418555138 965599797
741509418 819817944
463269123 956954646
615461717 705998170
597805911 861208009
963906143 251148890
720928338 780369790
449360740 242078058
612046692 487707978
901269492 313320328
337366404 853009390
254674597 289241140
816965914 573232759
200
95441673 775740750
763360298 398065918
785042327 475310489
531112164 125233344
980352265 294436885
363257591 770714523
804738912 689972676
454336328 819692876
416122997 617591284
93553878 802784137
801058446 19256336
24611051 229671441
938660440 29128773
517571965 26376937
405223555 119167757
310209683 529026814
720020216 564580743
957449222 3619639
571193290 851071953
261229479 463991764
517075592 405250174
713981517 170311425
629647773 940669128
265841994 858872314
566437049 34560260
754894310 187308995
201115611 614456821
866816175 143338038
385387360 649529083
599277683 541937362
102254067 141203831
340255463 444360684
863984350 186400000
372873801 375730394
363263948 779814364
770620240 710660097
569880274 211537426
388286164 587881290
423123553 708226560
721309972 883515344
592599233 439724353
907119137 869671703
313927747 492678720
176289367 255555
95242573 55002937
28946816 949805726
514650094 223545524
582232750 608654080
640346752 486841839
230191471 197315252
947095927 802337955
692774049 439443081
940052087 454683082
194879749 422309634
870200295 345898411
121377789 357805822
821186422 52008601
491291833 667802721
128844060 161762984
2719754 488677420
208774643 240851397
683013548 281563561
67005297 409169703
633683487 813265275
420597908 820584984
221427920 937549521
968824606 995708510
675065816 907798536
564535788 63834096
321841962 45831872
453958060 88318094
874971342 197912134
715727817 908795452
277398480 80299561
178928364 165625802
143022585 970080852
784285339 952074201
823409435 160223285
372213093 105822595
286781203 138267511
927507213 785742912
17051665 448054856
861443358 807026333
29967231 688064307
385755524 187170222
233529742 927222597
172249965 810786438
660803816 732678427
989062004 198133624
230729102 19525901
726391415 520219364
634788058 413287771
290606087 987368675
135744419 544754905
6459742 589383814
946116045 238413924
905334456 249711215
895095884 135993249
80556056 276191534
130375557 625190479
507413868 553528403
297839728 257013152
204342111 314633775
436927810 284477256
940799552 254186764
472748024 421960950
372552642 182980397
828964483 179293078
631692651 348072377
972567829 476088725
781577322 870689109
65201934 401899890
831258157 654482
593593 496015275
498625132 337721755
54720261 797819255
560829746 786590953
630714090 878684946
228150593 294734918
453198455 2116828
475194914 367341714
682610366 673361934
263712673 488092199
905587449 607555495
437470542 377495288
682440962 114379167
942724387 663213959
104743043 227724120
940596616 959779499
628699708 329907728
849825238 262567812
382491815 521459507
275714414 102452400
556523684 823669679
41920121 393662850
444998446 881040784
138566642 839411819
644394132 61110478
763527452 213659754
28012674 140796756
66068521 963130083
612072260 650971488
503011996 928016156
508567780 342608459
256606068 329319174
117415410 259073009
911055634 416401514
181724629 410471210
440493615 981287242
78753859 661838262
605785471 541936294
777067413 419610197
289186924 413685541
378553686 528289112
396316481 359828165
317378438 613192400
455274771 971411195
669493096 741255833
469294589 62982237
968663012 775886585
275056573 138831203
995241042 131418423
856799354 455920233
277246152 141744921
701118571 39645088
207133756 18146734
328460268 275285421
973235702 75510221
236125357 753501609
540653188 773805687
285458091 789107461
26167680 754905152
229953255 340018674
855929979 295137395
183618987 850672309
650474683 797161841
499013111 246015702
522243378 900428888
683193086 964237498
803205351 337688195
254366526 402101928
905337682 326308242
739284034 622857458
478690030 209934692
970852462 328697477
996546960 58166394
202761688 248543356
46231098 503711010
137418669 181482430
757759741 665557330
179371770 899170241
113520233 420063244
265825568 218245989
370272838 566543993
95812677 91952744
577419044 230685465
292094525 724598362
953282659 547122533
238990244 738504448
227640769 660944312
