5
1000000000 200
103876970 878916483
997615521 43992267
295452472 952146679
838436668 230666324
26795276 675343093
312947618 230304261
160861611 401391065
293736251 74622204
559752342 824807536
815053273 398398103
758190229 426921291
113809309 341222970
437542413 503579294
398823074 378465770
66782135 386975973
977989519 984237198
389529816 460958814
559510875 502322766
767054322 406127853
166897115 865346167
987666487 757307806
77121397 782077621
377868047 115622835
108418725 506713422
770659411 450116738
871254956 486078358
24214258 793896293
636356637 780344737
490075638 324047131
354562771 898028140
751089261 645029460
978521514 179908815
529963484 643714066
92825556 105975585
710157197 10237854
331714806 126628835
678458146 430342174
476138219 264702962
178393985 454022962
594860974 801566735
946696647 645382901
293872090 818378450
264653691 528723640
926919723 698011009
471568970 420733654
676725172 986108803
371826606 119791198
443977861 244384671
634211375 222743758
426140335 809160277
607704780 256595831
650616771 985231400
152743623 505545946
883614177 963647161
970182640 913340784
228017684 480346085
209125964 650679964
296508295 530033707
191446208 42131513
605449946 760542824
892394511 41514303
191154039 670491149
688894332 55694578
783426190 570151978
107825704 454693614
38022521 696787246
96095912 544891636
43669281 861830873
729808989 392340853
271428251 377406499
451436391 302432627
722628041 464545955
484943085 560910155
696470210 334028480
183919427 163913812
291213936 221599879
679551092 494242480
934663257 216066064
282597392 64164265
211099698 829896588
405175603 716956897
267991559 828850489
97635301 389043722
375432107 85026151
661031267 990603122
139324265 125818299
841294614 266539003
534797163 86223735
534759388 632185489
302906103 901556179
911211248 36020021
694968497 45925639
276338482 798683321
934841684 107023961
646185033 646632411
676632778 807174145
53347173 362407975
512524904 610350842
745622523 229964340
433457966 802262015
252347178 849968437
860555872 574482992
214236720 376731584
924802745 218294767
225490056 913002953
647184033 945580340
280050544 26572297
444979589 380183652
785137834 490617987
969243832 517100518
796975568 205411788
163790960 419090164
775315944 996626121
297609887 538966564
544727221 718714681
181835096 899347251
472532124 300502461
351968464 522163723
885176860 222958378
406452750 792461691
42250708 134763364
20081445 958259454
160053876 363704543
601190776 750512580
460003881 33312190
435454997 307273282
329882955 618781050
599990087 378153650
599452180 995180423
92886764 53651467
876473369 510176737
636954147 735281044
653549220 897372574
460703554 243562155
781457804 640918834
798159979 30992968
826501246 423463537
854085822 127796836
808270246 209555729
201258862 91746789
685781976 168864454
332687536 22196548
471705708 205333014
479737927 416623144
420584851 618157559
455848641 538911432
531856959 827134330
110484282 520394099
929524705 133931660
537933499 849482475
628306564 988495330
104636638 895954385
43176674 843116586
670853195 176010221
256565012 43980265
516334721 272018912
511674921 760950733
121410395 202048255
139215329 806948405
794188121 341086036
558951332 241835539
442473013 887564392
455462094 661588583
464945008 736073667
231796604 40126203
788959707 104058145
980740668 905801604
187256463 624200450
715493565 681809118
298394291 281649390
406332926 467914588
500850208 920516814
432537040 234815818
342506263 888610254
168432912 883405358
785806098 792097269
531857684 182316173
224449911 851238131
416203759 2277008
934101847 303001267
554540807 569701891
871807106 844352242
707005144 998400432
39681917 749370474
217339711 976711898
819018364 595264172
177197576 108928573
418555138 965599797
741509418 819817944
463269123 956954646
615461717 705998170
597805911 861208009
963906143 251148890
720928338 780369790
449360740 242078058
612046692 487707978
901269492 313320328
337366404 853009390
254674597 289241140
816965914 573232759
200
95441673 775740750
763360298 398065918
785042327 475310489
531112164 125233344
980352265 294436885
363257591 770714523
804738912 689972676
454336328 819692876
416122997 617591284
93553878 802784137
801058446 19256336
24611051 229671441
938660440 29128773
517571965 26376937
405223555 119167757
310209683 529026814
720020216 564580743
957449222 3619639
571193290 851071953
261229479 463991764
517075592 405250174
713981517 170311425
629647773 940669128
265841994 858872314
566437049 34560260
754894310 187308995
201115611 614456821
866816175 143338038
385387360 649529083
599277683 541937362
102254067 141203831
340255463 444360684
863984350 186400000
372873801 375730394
363263948 779814364
770620240 710660097
569880274 211537426
388286164 587881290
423123553 708226560
721309972 883515344
592599233 439724353
907119137 869671703
313927747 492678720
176289367 255555
95242573 55002937
28946816 949805726
514650094 223545524
582232750 608654080
640346752 486841839
230191471 197315252
947095927 802337955
692774049 439443081
940052087 454683082
194879749 422309634
870200295 345898411
121377789 357805822
821186422 52008601
491291833 667802721
128844060 161762984
2719754 488677420
208774643 240851397
683013548 281563561
67005297 409169703
633683487 813265275
420597908 820584984
221427920 937549521
968824606 995708510
675065816 907798536
564535788 63834096
321841962 45831872
453958060 88318094
874971342 197912134
715727817 908795452
277398480 80299561
178928364 165625802
143022585 970080852
784285339 952074201
823409435 160223285
372213093 105822595
286781203 138267511
927507213 785742912
17051665 448054856
861443358 807026333
29967231 688064307
385755524 187170222
233529742 927222597
172249965 810786438
660803816 732678427
989062004 198133624
230729102 19525901
726391415 520219364
634788058 413287771
290606087 987368675
135744419 544754905
6459742 589383814
946116045 238413924
905334456 249711215
895095884 135993249
80556056 276191534
130375557 625190479
507413868 553528403
297839728 257013152
204342111 314633775
436927810 284477256
940799552 254186764
472748024 421960950
372552642 182980397
828964483 179293078
631692651 348072377
972567829 476088725
781577322 870689109
65201934 401899890
831258157 654482
593593 496015275
498625132 337721755
54720261 797819255
560829746 786590953
630714090 878684946
228150593 294734918
453198455 2116828
475194914 367341714
682610366 673361934
263712673 488092199
905587449 607555495
437470542 377495288
682440962 114379167
942724387 663213959
104743043 227724120
940596616 959779499
628699708 329907728
849825238 262567812
382491815 521459507
275714414 102452400
556523684 823669679
41920121 393662850
444998446 881040784
138566642 839411819
644394132 61110478
763527452 213659754
28012674 140796756
66068521 963130083
612072260 650971488
503011996 928016156
508567780 342608459
256606068 329319174
117415410 259073009
911055634 416401514
181724629 410471210
440493615 981287242
78753859 661838262
605785471 541936294
777067413 419610197
289186924 413685541
378553686 528289112
396316481 359828165
317378438 613192400
455274771 971411195
669493096 741255833
469294589 62982237
968663012 775886585
275056573 138831203
995241042 131418423
856799354 455920233
277246152 141744921
701118571 39645088
207133756 18146734
328460268 275285421
973235702 75510221
236125357 753501609
540653188 773805687
285458091 789107461
26167680 754905152
229953255 340018674
855929979 295137395
183618987 850672309
650474683 797161841
499013111 246015702
522243378 900428888
683193086 964237498
803205351 337688195
254366526 402101928
905337682 326308242
739284034 622857458
478690030 209934692
970852462 328697477
996546960 58166394
202761688 248543356
46231098 503711010
137418669 181482430
757759741 665557330
179371770 899170241
113520233 420063244
265825568 218245989
370272838 566543993
95812677 91952744
577419044 230685465
292094525 724598362
953282659 547122533
238990244 738504448
227640769 660944312
1000000000 200
282051118 235352355
966034214 998699063
680786832 32184057
507796678 54536926
928753692 111582902
179251680 428338521
256442461 652987455
290271319 618763770
74627113 617398981
467736669 224561833
116923581 584796402
643279273 581846465
23398270 84136879
64352741 589392471
118971706 579306256
928471083 140311534
324801171 206230707
527299376 510284510
833016522 977384772
993836783 121825208
100621359 171246190
108468439 389966884
893404377 775613621
828004802 324687499
624156083 549728528
840329022 805565423
493343643 581565281
130070886 33280498
141709012 263386467
666294372 85565005
838763040 716100656
783847640 144891824
583006919 618840432
145476175 116320691
19441392 255600692
889953329 478551438
282756617 758806474
22349995 129101457
307432905 426787142
151559643 922932532
337320295 672114865
46979678 368823984
102879008 67202099
753118578 990315408
527909630 496602053
311855337 908444377
981060181 859031068
98809811 416754185
150701209 36543337
334034252 450773770
875578009 569364204
217781929 239788352
44354013 790724174
785357379 261606258
804299489 124087495
801439923 444050399
242737906 382106155
613157667 899856023
878082774 757798965
613369334 939452385
758060 481639207
104764003 925622769
212072830 145172171
425349726 383497096
229020248 576504451
495755623 86547159
129593161 10297870
872132182 822644619
38689516 630280874
808099885 122704335
861270129 151716158
494613497 733477482
967026933 79304491
341231062 10865012
181346795 45235028
110030120 699638090
654003879 832993478
255818274 793686578
334302088 291921672
939203339 2097892
852242687 232027737
286110168 401652168
752672595 173821488
53794309 832385877
738786902 7335968
286590387 106818153
544525000 154639549
17954989 213280384
705291902 841060974
91745061 40220793
800823142 20387621
193365543 317158723
976314524 423760444
121578619 834914694
960217839 733002553
156699979 985078276
411405609 470985572
372006803 45475285
825480885 118366392
72470152 624790535
118486907 191993805
451329599 7858476
896384853 642917339
675696596 721514451
192254675 228605232
834283830 148256647
747033145 811944892
418098904 445187062
115956306 68399638
141927375 84595019
795917879 372795135
107180190 499522338
895807207 44588345
90489921 20077879
122511862 222502267
785614861 909789298
724147960 146342599
793201240 194876479
842936774 417522803
91151467 956610860
548370056 1115634
919523885 874524120
610090950 238769045
131428460 103749178
595276724 972355604
379854627 72326087
833070787 869816254
672897998 601353091
372656700 70087229
919448006 929752393
862218038 746309901
380193896 539579397
542524432 197522161
951256873 282518094
36812397 90270333
852625735 141725317
577096423 775563139
813743222 172393070
763649296 490677880
383169987 521341361
179957755 757721672
240335087 316123343
369954978 59857872
644319696 185698166
52755468 275600069
524597999 424107945
866175106 300563797
366947386 427387011
421179395 30085447
608807188 619912057
503809779 623526415
909780126 139988757
207765561 154791407
266979118 792840009
213750914 628818226
100505382 96256691
490732564 612606488
275100316 570022410
203686381 205240304
907886140 755627462
467729607 947920123
391842150 336407502
335953851 750982938
719991576 792703518
174967422 408469130
385495415 47053524
265558345 963197401
753385810 475239405
573690157 919216965
845931943 65965198
270991867 625391119
218545114 926090397
48096568 882485852
289428551 605801405
38486512 992860673
622944619 423046315
76317356 25398627
604944482 986312543
43192897 712582163
391781408 623933608
997924259 438384183
237305215 684619594
457821132 260914691
859448894 688678480
191511832 804867972
599787103 618664340
79761574 110807972
177199017 643052360
731524662 92643008
843347675 103716795
94652042 212058433
861975346 533010798
45879619 349756125
385857322 805490491
909481608 768755936
955566107 749728751
308662943 450833392
15542224 450131023
383005442 680200539
642268689 322682863
200
763163886 722685287
883622173 717172102
868426582 892040797
997967870 585134284
918934755 18401895
743547260 446346626
593287282 191296136
111229442 159763062
546777225 334611093
211436395 604933463
800345479 215274064
419185878 186185968
59144996 413023154
423747826 237863714
916822149 789117567
455782736 171452993
159097372 151294339
478961994 330374034
958940938 948511106
26399007 847578956
209967583 839279106
878831443 535482088
636441057 658483614
227115783 278873571
306540898 106820527
855086087 496479813
54009582 153348850
203127364 912294508
686886737 453406497
64420711 477677453
272274139 51316799
325428835 597076383
697347004 996375306
421891095 962720762
514909136 427827669
464321461 57849765
341757858 137605673
147250134 769556867
854417343 57872530
872402037 591010133
47135711 152659318
980022704 313230302
109199974 187038091
753755656 777057144
343985236 158818108
793091595 959372410
110879932 542331399
212324114 434344652
534821032 40230791
235832905 346852268
307706441 331620521
64679489 951455316
261042756 472664394
41435533 725767210
733419344 232382190
21749845 929495028
443012697 871961737
316974826 60707174
166487598 375313334
879399159 65529187
906222942 734179717
18473587 534977740
98176572 751639802
867584066 711837125
916036378 502951072
325494339 408796905
868175459 43178410
60729965 488793113
71964740 896009713
631393787 559075185
484264737 698006411
956171343 682213561
560137579 213309629
860026867 533035932
884444172 654194800
55968630 663397349
79823776 837595800
680542690 60053250
224376896 51020823
247844499 986322206
205547473 384487409
304373180 958377177
459326583 994162558
937637320 159802531
889386575 15126871
701473797 399302172
253494701 940662357
171520595 19526943
126611273 690821487
177386931 59384242
827426949 422401981
421518189 429381939
612663937 364463927
330165803 65323148
341549806 163551537
239873192 615877512
601878044 17725852
910940636 983140713
237919546 257073711
369843170 173033240
710919528 673071990
88978805 245400136
672675196 300515960
247856609 674333002
242291003 690866074
958060518 113668126
522811781 61658213
320196793 678534771
28637837 624283459
309228902 20046962
591930195 117874555
200945489 505188580
224048641 200319634
516476682 1651634
756142806 583251783
795461240 676149843
43328165 83558883
689487941 139660808
21979838 517051660
87115092 877879190
729637889 317807167
865812160 253365133
162785698 568424560
143514296 74685306
375034051 504472590
114452112 247277703
599857563 728075329
173117240 457469467
639180772 202346349
992606098 138534965
655951293 955392131
733875115 708765020
241052410 31417404
570442636 991176176
580833283 724570845
960972035 221917214
439813186 142658765
571461427 979831621
625969447 534140682
360757358 716077938
166297878 624145498
113945075 35830670
95091680 325494290
275795561 225577261
553053805 853711403
869368172 224114790
124749072 175005049
325474135 434492464
332815559 397258472
427839400 431686236
534073157 315655750
36229463 208955671
564470477 376215584
946114686 904393951
251614017 587096644
401186989 405940249
626760384 686416479
203861572 271309925
140105869 967538563
862337476 129193988
307994696 634846087
135084000 544862973
80700583 275588093
997839981 717563469
339810420 405606475
866410600 921546655
930752894 802355314
367553262 451436889
646150347 134799185
203686570 210625542
930337031 301316320
876811534 40116935
19221409 884387744
68006685 629948704
57589530 106062540
121978863 347087312
296764626 488826840
186007054 994103703
520432745 639368135
486232911 459578377
832347996 567559559
33211971 7608256
55844151 41629361
132682799 361640950
688927111 248383507
273513624 725133448
421679726 58757699
759146070 5490862
957665307 562172029
537663984 828359208
114167203 315063005
632709342 503687562
27937291 168099965
301417096 64388226
255551393 316993051
491058537 510355451
278900005 995222481
855694973 237922333
610443897 755746365
521749862 887643766
1000000000 200
206433780 716865035
161220572 301950890
231860214 301716441
332295067 396300566
904612715 858912190
839273444 316695889
116160832 887572402
665818482 904242291
610696236 582872205
81035753 358429790
373592292 583640230
597450508 85821994
160017471 725639651
187886015 101986589
325655977 634471858
156898038 944456527
475464461 331957726
235225310 993585410
147682714 488476969
980489428 744527974
602036860 398186647
656374800 890113224
923838969 119501007
8366613 587291367
10108938 820487350
120049136 184627960
287110128 345670485
559381011 69337857
221726189 95120433
2609349 491670526
24440894 166248815
15293744 50141227
549868608 704649318
487883016 931186138
579879403 368186757
431477099 868388951
131409692 975642133
136201366 487953781
164302381 725045151
621676679 838569772
270593092 411992574
675584656 320904609
918659579 711014391
55056866 558184645
760672899 113416445
54580792 254160527
806468690 822482458
889484664 10445921
428985063 192311808
797152743 781836448
11650999 657482793
806240457 376152402
385812367 174666413
303169548 333992720
618648264 947567454
579585955 368110144
818616745 971901892
118098040 310083392
423907494 439473011
370196150 814568145
352677738 638501328
815264841 864542293
757567752 755739208
709298002 79035939
371029811 941148600
843956453 728373455
330215003 411535199
900391591 946040286
915165685 68140400
440023706 709194369
979958387 320459767
917561929 1607389
767472770 881397048
631938970 862309621
359312518 579370550
115258071 894557292
769142927 1685952
376315283 64386233
39928636 52826348
717549757 648104847
934251309 971987714
679915272 93450468
176242317 918412581
572375718 687394831
470521945 681437479
675282650 172164090
78603847 579022966
366810355 689202987
246502604 171210116
41016090 548294336
929973799 523644430
373932857 649177219
703693502 907156639
747894023 222116109
208119135 230120482
142026809 202355121
288233005 536798418
365895847 306861299
877716465 260676164
25730053 995464045
134897698 105240337
150265535 554553611
968287422 657635336
576026587 270047178
559572929 204746270
776029604 443435879
702073171 328350855
84120957 559555253
642230509 305994072
975162167 434361341
277080792 259891032
591686894 960741954
699592494 88820087
528971899 54919550
121806545 555670357
366509358 8789032
422827122 462279981
925808849 525592155
226308654 664909988
147827315 21719203
583202858 24821624
45114536 552225782
862161704 244072478
847603570 537097245
212439216 701551419
149228332 24303256
163519055 994200253
827417797 309891570
713803670 70110384
803558510 484980325
236353751 594309259
930086517 517194174
51981745 78079550
844746200 372659911
212090675 21319375
225727189 530671286
453863825 926387113
355921786 830294154
821837138 970876420
655877723 857033672
566558429 968639450
710730651 756180237
700843401 831999102
397488602 796145005
271264787 442246520
480889698 4091665
482434721 22751415
862918474 504275691
80410876 364046752
516447168 399199354
625830562 247959141
559503774 386905030
302193000 324191738
363856594 778431768
130740875 670625774
926689294 760516792
820030765 66308720
766693025 645732967
890822016 947679640
701688036 682790206
937536441 248494157
953776975 412037281
935804608 130344030
290359642 773176201
964905098 140148447
904227430 827684244
240410463 49582780
884508758 55248159
904776409 399920387
84192476 132914928
940493923 836444543
828237489 746418819
365302403 630508855
617638918 55031858
385675112 65687545
550275663 154955376
868147305 160370648
50572987 814645904
260376762 660874541
951377731 337824279
25615816 850009609
833590679 392233802
962898706 273929935
206091000 56788312
685893965 767179888
684183727 925624967
616438736 206927943
373100535 339015687
210812740 216173302
131896029 509152392
792047898 741330721
251579549 937156803
76597010 7632665
131770853 783549425
212276910 469712109
103988274 607175456
885869831 925627698
770390912 839330991
348508279 758098355
507801086 367800445
200
421475396 248648438
768510996 922707321
772612618 578750368
411288113 420033917
122186190 268988997
58536570 663753761
429810504 394317097
828905308 608822705
441684700 91007858
786343827 56949661
89481608 663577223
815497755 540279286
838289431 52500031
489155713 159430145
569490791 538041463
420542851 326899841
354218703 900871862
247949419 479020153
549620625 206416932
359784376 534651726
140551844 256218930
685570553 58982222
139684909 592964908
68852946 365005112
803774158 875111575
525312872 632250656
940525149 469267334
258190469 83768710
220580049 234109377
220877051 337181191
543472038 592942118
321301915 254572927
476429240 348505220
657861811 336827447
490370156 121477706
64140593 726379553
182663885 543322947
320196547 837034686
447859108 158554325
418705383 566905895
174737018 280984301
280869287 116803900
118085587 156300304
158774692 326970577
222231297 17578636
840192718 841466151
62650983 831345055
387441343 750316652
758604763 780544493
987136798 569062502
618555606 828553477
280595070 654788740
90503830 781245219
526911944 801951751
27727462 488462058
652221619 768021072
769254152 426990536
222135953 898688950
51099585 132890955
222690542 803819248
216953349 375016888
551456706 195536015
470167590 129423799
247820403 643843129
390555386 783920099
47334977 149703245
699457693 667915189
76536389 342095867
145936468 66274733
943529595 582157964
65136661 429685095
250600740 708936789
976999488 105327105
148242296 43739804
851811614 943979774
152859650 717826356
932405807 603451104
985190106 458278585
73126660 63168029
369710600 969012266
344616229 489856859
257659741 690941573
324831085 68118824
483027695 181430503
946250306 254991238
6383402 422579158
292024318 842311084
608537326 364179427
294139719 301670441
2110199 258126075
393749885 405979448
333381776 430053746
708881871 766839671
368427939 396332675
532713756 699714634
57802004 312099100
537809550 36010890
423530555 951181098
964537158 812126429
579206142 951365592
80105229 575976360
43210873 440718422
572585488 748759985
440300442 76672667
232477389 939147766
969103681 785470299
669563875 977495179
642786014 743283323
106807622 99504662
746124882 513132084
53670718 787370685
284565105 977980802
523632899 937123484
452723757 392607456
141483228 952705015
980131277 414513329
498327989 861225114
716326148 634130634
153057730 661934162
139381190 81923465
532225791 892324637
159914864 87575595
510780548 263558906
97055908 556718520
708929981 813549077
644984424 553060577
341617229 784864243
477125979 437117707
109224112 916660367
499465223 375638701
250131870 945105684
515097407 105124505
494361165 698307830
912051569 655783583
47924927 876021687
330276035 144300935
727551250 798663017
120719008 41962237
475741156 519494748
851624488 674703004
85811548 404553813
612561207 30974886
915463549 169316066
541950878 540651503
25789763 958612387
267017650 199041894
34680485 434418642
977684353 127726057
285332832 33991824
702024650 987126100
191002621 58864108
592871087 826931681
932036762 832553525
720160711 332893005
566778390 230008754
351474537 203774279
808458986 697242827
970789529 767266566
862357870 741146548
65933315 960449359
504344699 240762717
489301013 972416082
508551463 846343641
59164290 242245112
603391945 144137740
249057838 636833573
59343827 437334050
379073683 650112023
221352024 226203749
208037731 273007010
759232363 643979670
372555106 146337863
997086610 827080286
74665890 674803452
781040972 668301154
833875401 687390220
731741880 836890901
186343305 711022104
988588698 101221234
746366289 200345655
395585749 211716575
444111585 440817278
82732895 110287104
626222301 989931567
227718730 955683827
222724037 582227922
267671598 973344607
373559237 355257207
683000864 324355320
111807224 780757673
113712356 290077200
254636798 623168038
522633927 411245527
107296723 64086659
841294247 174794863
545359566 859704223
53425340 455658670
396545600 685705307
556546005 345223712
156103230 272491158
1000000000 200
165713018 945382070
543577094 445327834
138805322 775893083
631237161 619082266
910815625 39242806
383639867 440151463
847320818 543331042
182199112 410706712
233626733 680898089
35805800 124576424
734799283 73115137
468588337 264775049
952700927 674111615
687048085 895684231
101457892 616700106
451241635 361206720
122555160 95616237
145482495 877602002
325744470 953404210
547823320 116374230
386180576 326010224
105076967 711752820
164408168 902787212
543689926 99421999
134772641 682600125
403109757 930128593
120054865 754181185
894172944 187382125
554556100 16128331
61894782 346879898
973898888 389044377
696829330 767782693
199009472 209998374
367044571 709786886
347528347 261004737
665328246 46702791
356787757 749351892
988678866 511900273
585247659 823144799
264218192 361248714
979646504 766145564
25575661 803832051
325875414 36330623
63004627 70414840
938257611 419114995
155721355 486174914
57341559 112655857
71849349 481702556
485201522 994695280
261526515 497250689
722937670 51500141
978016356 327060476
322543981 134975106
331331036 750632231
398277500 214437142
455957607 569060562
810602445 56235806
424342587 956050199
905997879 488858970
75306083 67991337
555063210 491089463
117126666 870003381
5641584 637272610
705976088 329282007
696871809 260639898
126614706 35729169
24377611 806266870
159332525 447339731
385837330 579336481
237480154 88987672
709078007 409918285
71688329 138566728
58287634 847593343
417463206 466066306
984610841 62356792
741496639 196613108
872907514 206703885
184532955 351476685
993427933 752972898
74878458 756195875
643430378 600769536
559120140 366621445
272497665 494772111
270370678 944560318
771868160 237630545
85843621 359059946
854714503 682383602
297041276 819629281
252120407 959815
428942530 93451526
310142981 109879407
883941196 157302321
830274387 327956115
306643223 22702052
954353414 946992363
115600888 187587118
997909559 783808498
694416999 202776958
339734988 317658927
348833809 583101209
144071082 207674418
673463884 37476924
6197153 721990238
516668092 616746110
222348913 120733483
612600687 335757273
875658698 491037537
889010630 986436712
178733505 69328624
21351676 666706221
827022163 538775311
740899094 461715230
489847410 375190082
828247226 936995060
524996386 525570075
471855144 148822809
576979069 103041788
467670825 897153393
474141822 59956522
786390855 582227856
787629907 852341482
482732964 453877160
913408035 42499980
685615428 308236967
833068331 821614304
468727911 958436403
267803674 974137718
965101039 146994119
73293118 314396877
47719334 454294275
562040433 493269498
284762202 456307312
629154252 859503541
563841765 112558228
921952668 874605684
109319829 826420408
932848504 546232296
263572187 905712093
87015674 245871588
547749196 929892350
83043951 380840240
265431983 811325991
789156983 132892871
382738482 381089353
7350661 745309449
121578208 758316416
136164234 104835360
967146109 121562467
240390367 703710255
393251731 393778786
771033763 811175556
108534159 295670870
608654906 281067462
858261480 354031750
324756902 527597135
496459030 685612078
577990276 996732365
131498372 628511890
908233807 530484036
725956386 131370603
814766559 752473335
681860701 748793272
303067147 181700325
430871542 253808744
555831858 139774870
397586628 943543377
204646792 130826712
155260789 29677752
761945 890981722
207452503 482449487
286367627 969990900
435711947 616515929
707230325 936804414
685446479 60411847
697671267 231798755
406269872 625303875
937943092 253509366
230000119 579391407
959116182 864925596
274020535 801785847
393899050 773184828
661648472 133979228
916237486 523676297
141268915 597747964
505348060 952830054
673579022 276415440
992983546 504864202
302962463 113538451
418134970 652668509
151118604 713671822
654206651 556289263
943443828 51623986
41013214 851645974
297799206 562604232
458831802 457075013
68094696 350946185
243619820 979340997
136077381 343282817
533780071 9319887
160912653 641179836
200
875896604 233701434
242942713 474225486
237560506 233232340
691258839 136669056
639881779 22088186
211007705 596672859
61244516 794483616
599624894 71459531
851059402 697932162
687347895 779727564
501203444 262289843
362474374 132927647
427516594 156334893
158752485 206666024
276335730 909666487
134511359 206647649
672294 88123218
709440857 646577430
141030354 308362719
867634755 774463745
121420658 801016866
474381289 210208849
568910897 537095851
281601105 266255111
212186510 233202823
464399619 22731994
573098210 594636234
898826025 216423528
239185106 83421723
558532946 348426425
119264349 241515723
295140378 3090658
999381711 199430729
794498277 119505453
772231286 674872579
180723512 799062932
318664221 546810487
266321822 377968683
656596430 511216153
630855429 172055230
679556688 203811147
757949504 338800871
494964771 760203106
475528746 971292283
665139762 441875676
721962343 882249392
941723402 907536522
951411223 736732240
411054684 586239573
865922369 148766711
784930437 692182243
77585437 390233791
887773017 263100646
853090895 154080094
622661756 860315590
17098373 14821129
280221542 155379094
750408420 374795834
837895690 62094164
65662079 254654288
689327884 116281261
451004536 492155049
707723777 880851522
405747914 590542152
512698555 99558705
15417260 768784504
792623584 992383233
550905050 297065910
180749352 614749648
908840979 831629566
279102922 835331945
615407531 807321720
770855777 897836452
711373038 550680319
807391696 312503284
552807102 200354637
768485997 752871627
462423148 324764315
896422930 593060084
352028987 659053002
151598351 236496909
125604718 382727955
760843586 667406797
798559003 188710128
86307169 753583753
841751469 166775855
359274244 184582625
841989579 460623925
546364014 862270215
521177262 11972586
547762699 933985622
999250839 151292169
380225235 144158584
947237349 419250559
142006043 353929099
187018079 150344090
651511295 223763328
476004165 612263072
63440806 53408128
604949617 599309193
624855569 133251706
145824932 423152448
17511220 430442054
422519978 144735389
59278506 998087949
389909399 506623847
543052739 161994635
9513416 651365255
164327160 833810805
175917006 451185202
491144133 998452568
139631916 258017991
582913805 137994655
188638749 540285003
588653516 496217889
549848189 914663975
965422399 917747632
637042374 740886819
353867040 133844846
192454586 149487045
278600575 533343308
537619581 241249651
58114844 357985425
746077121 937376076
934014513 342559852
565711973 674458796
470467003 628284178
783225735 581548172
396770158 544526647
933768607 497103308
835761079 674198396
382654740 994453743
92523288 994366968
240266972 877827229
889596707 613903691
997796557 9725206
758404298 946083771
297173987 182262332
208445560 998011504
26760433 817307213
527005980 166465943
96691280 175326049
990342273 908437010
723996177 428013989
418190112 716717599
26848636 333054870
873162140 343146297
810622317 102242552
217600583 823056779
599674370 68429877
4590828 103115963
150577400 780284948
360018662 509643765
156944745 435991349
750919204 589254320
36982386 816009916
159567032 283690972
365558047 524096313
526094932 246260047
571460759 809396532
36693460 836327900
194771282 145860760
688655588 393196868
388172006 786176235
364424556 453723742
789450872 472356459
244010038 78761491
372800954 275493225
43369503 798998271
118978985 20274236
1991440 436192455
140454152 28743028
87253583 29110277
501485248 718207414
953319196 876427996
813060190 394346196
732993081 935406715
870866317 899210921
661343053 689631234
772782489 180197801
418608330 113065539
239815213 576403813
921487892 753370346
277524844 697295138
107421734 284736600
651317724 43058777
455613914 707728599
360719782 261446636
453777514 920610167
742456754 116865144
478061488 762565826
609261042 424209858
330330274 525075100
45400765 943767160
86736337 929179263
594149447 345245709
898781916 860030254
86290596 179160158
863965531 149154542
208529895 78676166
1000000000 200
7544275 798098242
364331997 12307529
117879250 461817944
756195733 503002666
314919362 432736838
158849126 32983340
7637043 514621267
853425950 975142317
883569497 66396767
227744150 560107426
654475596 691147189
524128528 581212179
825196693 186726916
48735187 853062719
440510827 222533653
325740999 207631168
59604438 238581817
151163477 556973476
676604034 432348088
977980519 800995874
359936558 309655497
497163643 984908850
164977122 9582199
746520704 38729002
304267594 597262630
637441905 778492004
590616697 189862469
883327002 980123956
213793965 444974445
323966496 898514377
731642217 208227318
118463075 933085099
160889277 496867571
746236428 976448947
964074545 294033121
381410954 206411674
176725150 375545583
272474546 607466101
84039989 864959541
928440168 672643692
89628791 775919682
856603800 905274560
50636032 343629841
186358740 211606623
547051012 283965951
537218745 594018685
10035727 347379308
798514665 312126929
38031131 560626613
587420712 177805570
269502125 223874003
586783300 839837844
617322830 642768306
21511772 606974903
60002451 464711367
782661128 863442641
352827284 498661835
277058654 52456851
99004583 90378982
772041469 862692818
49988211 307723453
886132827 273157903
710381426 922146855
761341670 14351536
818488353 284304950
473391977 783712894
942356770 524055973
476859647 667440279
299654851 223714156
400113741 7066483
838619544 738068583
217684468 78390377
104481776 705340069
647817225 220965881
991677904 215381193
768701514 79836749
908323738 337176836
105744259 148971788
170874089 789248360
447462577 411428523
931311825 837120585
111400424 113067476
968343525 109336917
557592995 245626082
641655652 143159172
902072153 38761706
712945097 870880549
897963264 377997905
209298475 503706657
104638289 941780041
572312080 474162341
211835194 986247838
435261697 599910065
533174950 320577796
303261077 874469253
909445523 516518963
469979523 72866239
57038193 298829709
42774827 135047251
182100685 576220261
922000963 686283328
588636624 18132976
895861505 460379467
265528026 412516860
131937945 697835012
835400399 332158116
293893827 145592516
117421646 885837903
132639726 918671808
498582704 23707661
963484014 156485887
423552447 15407213
162394955 391317303
318543396 85075809
481017476 897842202
890692417 448917821
190404281 100467482
91088219 685687637
210552548 724505064
175300602 808592857
561434060 862784727
50084683 620665284
461396925 283442810
233246625 23276585
728739033 242292007
627264048 387231812
368986274 947023268
756471237 150588507
111642779 161846616
442432812 978051518
160385937 805216748
919144736 898458276
68579269 586060111
962923550 164418614
134513534 691120415
24966786 334980433
444449305 155876908
177868422 289146824
969069531 989669578
357676556 484433536
865045899 427704279
305590102 187967126
286340475 541344680
678424467 300856863
644400163 746273909
592750997 968666188
557541303 836051415
503521787 9646168
898591560 538179690
655644776 709514161
558798524 232497198
212367841 34339947
353039250 573818348
462330483 529277594
365768519 13430129
688914737 986014041
774389600 643250624
573395792 286231874
233051758 11539222
175510856 539038360
273853123 776236097
304472502 967955703
834940997 129383365
152891325 949256588
57813859 546032350
418301924 911242328
831212248 612865526
835830274 667488241
314013183 103260250
367006480 295239097
340459136 999979693
644626825 279398259
746657542 897125377
742838961 509706767
745282078 817467821
422189760 21135271
217538745 40813729
265056847 479599347
130693406 604986701
978604842 308599575
18891161 869735389
227228043 895539620
24161903 368687750
407722830 189042972
282794929 277516197
541954310 923963755
798255318 511688392
745793543 795135272
104015463 136072884
362837681 184799965
398124222 102226051
826976330 424495893
87333574 468657403
480865177 203080949
525006364 719384575
91818027 126913645
520364508 737734232
795817259 511767884
185576177 266604072
35193016 828437216
200
156838421 757144737
662081047 704327887
269563849 468310512
484339903 718503678
99960882 524395947
565565923 254871267
282635391 594531766
102972706 523151757
10960819 358488483
222335856 980616875
738963694 357420985
536617509 683088655
818321317 166453107
762735126 41651784
140656117 306549758
978077378 189919658
871065011 945635534
102150515 614028121
343013522 638886268
473862941 209412005
865897056 623506541
25774767 351522981
675670768 439370214
740066909 809678733
689451670 963080205
216018155 106137985
736090398 176669833
951886346 743284025
217554754 609482191
853878970 722258036
274379361 662985288
676688005 19473047
386322839 397677822
648202838 616621875
227904088 907474016
192130752 632386719
487981189 527746424
727056231 239315309
921807332 13702301
99236512 164947482
521316697 90114019
782126385 217212548
96391925 217074218
771805682 999300885
331647924 73577376
361391645 881224239
594023530 289396153
82004623 440294165
752344612 920597172
333905287 753304647
236930185 693746725
492514442 154483458
535633205 670455314
881271741 894111123
166026021 731967143
903254939 61834081
631943370 739287447
752561702 33957091
813822742 522952685
220893254 711417647
47388584 895887839
199295309 287372430
975289067 373777501
860881384 153723451
980180906 822470967
599031981 511085174
774007122 299808076
72097214 769236794
576260594 345305023
62021966 70948439
37015853 684021816
94993558 404632364
44360227 243063439
572640527 43646194
655607011 838520715
868073608 197816899
644022480 406171972
388076043 243293482
206268761 481471252
546147100 116828645
41744960 959224826
57927093 44846393
445749127 13700970
650315398 606336045
284804486 905350429
697881714 752333185
292950915 991649966
708488873 514405219
477097829 89664762
225522266 754485716
285428365 481343268
143811558 239146233
749281618 563641626
405385177 146303300
188297367 865809792
398166512 768226242
599067791 777606519
628387081 209735046
828291247 28979650
242816074 802604461
401723387 460309657
56177887 463305751
605699660 340058302
106388559 34569582
522561394 606553307
633738455 202902230
45857459 772273256
543331801 860049760
371918788 150088768
889873829 948962429
107769037 657527371
471541350 570376827
146680547 135227329
627124911 790815209
282029042 80728591
372625714 54393653
736271123 122055551
92566560 741906590
341139326 590940279
88664944 745653013
323157461 452275872
243839458 640766610
159049431 188747781
284024134 544010084
114062665 43976457
989650581 774525273
424498499 96156607
213206905 47595859
116649636 728896572
492871318 920620838
429695141 379646468
744216913 92207967
95422623 986661773
392681286 149438674
473195245 524206118
142212075 931605975
719213855 841481267
232221150 682335004
146324326 141608225
327413994 443297533
834980263 551504294
87263001 254035146
458805944 31825918
168155394 140569241
475708727 112483032
66303812 349621801
83064690 851511203
825441426 511578265
386594229 618943315
504276841 144302323
377959445 758881881
750897229 238300272
480323380 847778049
714080988 862104176
775101240 803966168
631948959 100267594
256541744 861391155
691538420 395321673
22157926 879228751
235774420 8318963
521697733 921130702
169602003 556365029
578073340 330763986
906145365 463047037
776079051 998168585
988954409 88397374
304402800 531785836
575939815 978765368
349264649 662939466
804759115 567506096
189333166 154823567
511167702 281224336
68191151 695434575
764335633 215745625
237873026 157150626
847187549 936195415
869226980 642145383
242952942 93802040
480184667 308201434
299330998 32317095
826001695 430404315
268559506 381871677
2483149 777386174
959513395 898102290
394003654 477271961
755287427 797967745
409942033 321696331
475145913 353341077
786003902 807773200
969749355 276400839
753468692 316315607
466716083 427612714
384606910 434263676
210165037 481351866
791992522 47443586
287958644 294853516
861054302 374451406
661233882 913941407
63502218 628226049
44994058 752172173
