200
1 34.839 575.399 -594.968 683.463
1 87.167 962.935 586.558 -801.990
1 43.129 381.060 657.337 -339.449
1 84.057 285.785 -256.159 321.243
2 3
1 91.345 628.037 -371.868 -536.745
1 27.460 699.088 -653.880 578.988
3 13.801
1 96.089 36.778 612.042 772.189
3 254.866
3 153.973
3 12.764
1 29.023 527.301 399.415 -185.977
1 19.503 155.048 546.787 -557.382
1 19.326 811.287 20.095 -331.213
1 33.086 722.929 387.193 898.455
1 49.799 905.401 113.690 895.961
1 9.795 6.280 947.067 900.864
3 435.246
1 67.517 712.466 -870.983 836.741
1 82.516 679.730 -302.705 -412.539
1 22.848 447.787 963.193 43.120
1 46.303 422.564 176.082 482.581
1 39.794 59.201 -688.250 886.313
1 31.223 695.496 -82.714 932.887
1 95.225 951.529 -771.011 -972.810
3 469.503
1 72.030 814.187 -589.210 -844.819
1 18.042 523.620 -622.613 -931.512
1 78.346 844.479 349.437 -16.441
2 14
1 8.957 908.894 644.534 -250.441
1 35.139 384.919 -327.401 -915.100
1 61.835 462.380 -136.050 -339.461
1 75.705 960.139 -329.179 567.416
1 34.212 83.710 610.947 -779.446
3 823.293
1 54.032 985.758 382.548 -718.579
1 12.992 952.351 -590.165 199.642
1 26.365 731.931 461.712 695.460
1 19.431 180.843 -315.218 650.862
3 1397.606
1 89.699 913.196 -147.587 -551.800
1 84.429 110.831 638.374 133.774
1 71.372 206.227 -423.324 533.416
1 29.628 299.741 507.421 -282.068
1 88.598 196.931 -998.874 -545.532
3 1170.726
1 15.190 957.296 -366.986 483.661
3 1744.978
1 88.417 855.064 -81.191 -780.921
3 335.511
3 1097.517
1 63.432 585.357 828.791 187.918
1 69.771 312.975 556.799 -41.806
1 76.457 302.328 -231.177 313.911
1 81.599 566.371 334.997 852.927
3 281.121
1 79.731 647.180 -74.050 -319.789
3 542.852
1 16.978 978.025 -64.719 569.620
1 63.076 317.792 632.661 956.159
1 97.918 173.189 -532.834 986.411
1 37.609 586.868 -486.940 -259.437
1 74.243 683.523 -570.979 543.343
2 6
3 2440.289
3 560.598
1 73.810 656.276 536.740 -185.982
1 58.286 624.174 -475.521 457.985
1 29.519 94.919 38.465 614.442
3 1099.524
1 41.525 607.452 564.087 -514.537
1 5.470 752.880 -424.413 -188.884
1 75.905 488.089 -545.910 -838.305
1 62.812 144.945 -939.187 197.338
1 64.552 954.503 -203.769 919.642
1 72.400 638.682 883.180 -498.471
3 969.915
1 30.053 933.245 -892.218 -886.432
1 21.466 147.094 805.836 -627.067
3 785.182
1 3.069 805.549 -83.675 -209.080
3 1525.499
1 43.351 810.157 -412.197 -197.108
3 1845.271
1 29.742 832.234 -45.656 375.233
1 7.052 171.765 -899.381 -385.117
1 43.962 209.376 152.840 565.274
1 43.702 606.473 -577.279 -484.823
3 1176.728
3 1353.202
1 37.431 48.713 -858.030 169.632
3 3033.245
1 37.952 87.668 -118.851 -508.373
1 97.850 413.728 59.892 301.593
1 83.894 296.337 41.535 101.747
3 1464.867
1 48.692 796.055 487.661 -988.852
1 78.234 716.060 887.988 995.886
1 15.339 681.198 -692.413 -372.336
1 50.941 334.963 -551.208 -514.269
1 95.753 685.720 -74.933 -28.920
1 72.078 884.705 529.333 -786.516
1 30.014 833.424 -659.815 962.137
1 90.065 201.166 333.765 -516.914
1 76.552 218.602 -390.468 -868.030
1 90.864 41.544 628.297 -719.221
1 70.162 530.113 868.757 175.678
1 71.764 744.639 -255.783 369.039
1 30.255 129.338 978.621 -623.398
1 60.817 710.412 -926.155 -696.629
1 64.969 912.193 -972.861 -536.587
2 62
3 168.112
1 24.372 505.423 -157.771 400.568
1 38.891 724.942 372.199 -209.662
1 60.671 283.343 755.474 -211.045
1 6.742 61.464 103.839 -682.911
1 80.178 963.036 -125.267 -905.279
1 21.330 711.054 -438.791 -284.033
1 58.151 741.100 -94.519 421.290
1 28.960 207.504 -405.538 -335.326
1 72.695 649.574 339.846 -998.580
1 19.993 105.536 -894.405 312.966
1 4.111 731.296 59.080 -771.121
1 63.118 786.748 982.586 101.044
1 6.866 947.697 -219.220 -900.051
1 26.401 135.668 89.875 -772.155
1 95.829 998.228 420.165 -811.484
3 36.067
2 59
3 2581.057
2 65
3 515.934
3 2525.494
3 180.086
3 3680.300
3 560.585
3 4168.676
3 4685.380
3 1592.097
3 3329.881
3 679.501
3 2653.053
3 3716.738
3 3264.529
3 1889.723
3 4149.016
3 1846.285
2 1
2 40
3 2723.621
3 3883.739
3 1342.021
3 3103.034
3 1488.965
3 600.940
3 1886.333
3 4256.387
3 1337.056
2 96
2 112
3 1937.434
3 2307.378
3 278.176
3 3427.900
3 241.727
3 3429.204
3 2672.981
3 1383.052
3 3187.571
3 4320.001
3 962.234
3 2349.184
3 223.542
3 2673.902
3 1324.103
3 3043.882
3 215.007
3 2488.663
3 789.545
3 962.080
3 3968.985
3 1203.996
2 71
3 2359.941
3 1387.780
2 100
3 1225.034
3 1131.920
3 673.387
3 1272.741
3 1704.290
3 4082.369
3 672.919
3 2360.436
3 2470.649
3 3585.351
3 4191.266
