76
113
118
125
107
134
68
97
117
130
16
98
30
87
120
28
107
136
130
124
106
112
127
109
105
109
113
69
142
120
134
134
54
106
86
118
105
33
28
134
102
10
10
33
35
74
136
100
103
114
3
118
78
105
56
116
64
53
97
70
140
128
130
127
123
89
124
129
12
127
114
120
108
107
53
140
125
98
109
128
100
111
74
115
107
122
124
124
83
118
115
119
103
17
137
112
47
26
124
44
118
93
30
93
122
121
69
108
129
41
110
98
119
109
69
137
132
129
8
128
72
104
109
55
122
138
123
105
78
120
115
4
106
114
127
138
129
56
114
54
107
113
57
105
86
114
111
85
119
122
65
97
110
130
113
131
62
119
120
129
50
137
85
105
109
54
120
79
129
102
56
120
84
113
122
137
10
121
97
19
93
132
111
115
129
117
106
120
115
67
93
120
113
126
126
107
134
56
147
127
30
135
109
126
26
112
106
120
109
75
69
113
135
111
69
125
123
37
111
116
130
17
105
91
111
142
126
64
114
138
105
113
44
85
130
133
129
19
89
53
110
84
50
127
110
134
121
133
116
120
122
98
12
90
126
82
117
123
125
111
98
117
116
123
130
124
117
24
101
122
116
142
127
128
123
113
120
122
126
35
109
122
127
87
121
124
111
129
120
86
103
134
142
64
121
116
105
117
132
133
107
106
105
55
101
33
137
4
13
79
116
122
111
133
132
113
112
92
76
127
131
115
118
32
132
38
114
137
123
107
12
116
99
68
68
132
76
88
116
129
70
92
50
50
101
113
31
92
114
124
16
139
57
118
112
84
116
120
131
131
107
74
119
126
119
83
130
110
111
24
57
45
22
119
104
120
113
119
119
135
69
114
109
53
73
17
33
124
135
97
32
62
110
133
87
123
105
126
101
128
79
129
48
105
129
116
107
127
102
124
117
121
92
146
118
108
138
115
119
121
125
112
27
99
116
7
116
44
81
110
112
127
129
107
134
125
92
44
97
66
14
33
129
107
108
121
108
52
111
81
57
109
119
55
121
94
109
100
116
124
105
112
95
96
121
54
116
61
137
123
111
129
14
40
124
122
12
41
119
119
83
106
117
4
126
132
19
77
111
62
108
118
138
61
100
106
119
117
49
114
113
118
136
143
117
142
7
121
117
80
107
75
126
68
106
129
61
98
31
51
20
92
118
114
118
131
111
119
121
65
81
66
125
78
125
119
148
108
114
124
119
138
73
94
112
115
57
109
121
122
90
80
115
55
135
117
123
130
126
36
119
28
124
130
100
38
87
106
22
59
95
131
77
24
114
102
105
108
109
55
117
70
126
69
134
121
140
44
64
120
87
104
116
115
118
112
71
13
138
92
117
120
121
129
140
114
13
123
140
110
5
35
122
73
132
122
75
117
126
57
104
129
89
75
123
25
115
112
49
101
119
124
118
76
115
24
44
101
57
14
118
131
126
117
99
40
103
122
68
117
62
121
128
116
98
106
110
117
79
93
114
87
99
37
92
130
74
102
137
115
117
118
139
140
116
69
104
114
119
82
76
87
136
116
121
108
128
87
47
80
114
117
94
122
127
101
130
79
101
108
103
132
118
142
94
105
55
137
117
72
122
131
74
116
132
63
118
52
4
117
61
117
113
122
10
54
129
40
27
119
100
20
134
34
122
134
143
119
134
130
132
9
95
123
119
118
140
130
129
122
130
105
49
111
127
115
129
114
98
116
120
26
122
133
141
17
114
121
62
96
119
93
67
109
130
117
65
133
103
127
115
130
18
101
44
128
104
104
58
122
141
21
71
101
133
100
125
118
102
114
127
117
22
37
133
138
13
107
5
99
126
111
75
80
109
106
104
119
78
4
64
52
124
12
77
114
69
104
119
115
13
109
24
114
124
103
66
114
106
90
137
123
88
138
29
126
123
30
127
130
137
123
60
11
105
129
12
121
121
110
115
79
116
35
106
130
88
128
119
75
120
93
120
96
122
47
120
115
40
40
32
119
53
117
25
107
41
117
80
84
88
24
67
128
114
103
56
100
26
114
64
130
122
125
117
120
119
115
99
59
115
63
129
127
119
14
71
71
108
18
131
113
134
131
138
37
74
123
112
102
102
87
117
139
117
101
91
124
130
110
98
86
136
119
124
138
12
136
64
123
120
141
117
10
141
102
127
81
76
81
39
117
68
114
141
109
17
77
116
110
11
85
73
131
141
43
84
111
101
124
125
85
97
146
127
107
112
111
116
122
97
131
105
120
91
68
13
118
38
119
125
58
118
98
131
115
150
116
127
122
113
32
80
114
105
127
38
115
121
117
114
118
124
117
68
142
74
64
77
119
133
102
67
92
117
116
120
107
61
130
36
91
72
133
52
124
4
21
116
117
73
115
99
122
119
126
121
100
74
131
48
127
79
19
115
117
91
112
118
111
96
13
102
111
102
37
79
69
141
117
136
102
127
68
116
104
125
127
37
131
57
79
120
67
125
113
55
120
140
28
119
73
120
143
119
91
74
128
120
53
126
133
133
35
125
96
85
136
120
8
100
117
93
54
135
121
125
116
85
124
137
22
114
100
115
111
138
100
103
133
116
117
47
101
117
33
132
110
108
136
120
108
87
64
112
129
12
111
140
116
121
122
83
55
118
148
121
105
80
113
116
56
147
126
147
82
120
142
74
77
109
118
123
111
48
66
52
101
4
114
71
122
132
72
49
89
133
126
106
139
45
109
118
41
116
117
131
116
97
96
121
107
105
27
65
136
129
126
123
22
131
43
118
119
117
113
132
24
119
29
136
53
100
115
133
81
117
46
117
88
129
84
72
124
134
125
118
117
109
122
135
123
110
112
119
63
130
98
126
73
139
139
125
46
124
98
34
120
117
117
67
106
114
83
106
80
125
135
122
118
111
12
68
113
123
89
113
92
83
140
4
10
137
69
110
96
101
55
111
122
136
22
92
113
91
112
112
82
72
108
98
88
60
119
133
118
131
123
99
109
108
95
4
66
129
121
131
110
116
122
133
56
76
120
109
36
67
127
98
114
103
92
132
88
110
141
112
124
122
24
117
110
85
84
116
128
130
81
102
121
106
86
127
109
84
120
102
147
69
127
118
17
127
86
55
57
80
48
99
102
123
112
57
109
89
56
120
101
137
32
82
63
83
142
98
116
48
63
86
75
74
10
116
50
131
40
18
77
116
111
47
104
39
108
12
74
117
117
92
111
97
18
115
120
120
124
122
122
130
58
121
115
111
124
113
106
130
121
118
124
124
124
125
122
36
117
56
110
112
128
95
117
115
73
69
99
117
117
62
66
116
99
138
139
114
67
116
41
26
54
82
122
19
99
12
86
132
43
107
62
126
93
105
95
3
122
82
122
79
113
123
55
136
68
128
103
25
83
113
50
81
112
111
120
60
64
119
108
107
109
87
65
17
111
104
31
68
15
103
127
102
112
112
33
138
19
110
120
94
19
121
56
24
134
123
116
29
75
33
60
107
130
110
126
87
95
90
118
137
67
109
124
132
107
98
80
123
132
104
133
120
81
129
134
119
114
65
112
140
81
63
113
124
132
124
119
91
123
131
121
129
80
124
128
90
22
86
124
9
115
111
105
120
127
31
13
128
110
116
120
124
108
107
123
128
122
114
46
116
135
113
119
110
125
106
133
133
37
113
31
92
119
106
60
122
124
134
31
120
127
116
100
6
120
139
136
70
116
121
129
124
111
102
86
67
134
118
128
124
113
110
121
133
113
72
60
122
107
112
123
62
113
108
132
118
121
121
114
26
112
41
89
83
77
147
74
72
112
27
113
127
41
111
100
134
122
67
126
85
139
140
83
123
113
106
124
111
115
126
115
32
87
98
101
26
71
112
137
82
116
120
126
34
120
127
63
112
134
119
101
106
87
124
118
88
108
115
10
121
115
50
39
109
139
109
74
78
20
131
122
117
109
110
98
95
134
135
112
79
134
120
100
55
124
117
92
116
127
90
128
88
29
107
25
55
36
140
122
131
93
114
123
50
126
122
126
117
29
132
123
119
132
126
121
4
83
21
67
124
122
113
107
122
123
134
108
118
128
123
77
20
88
131
34
119
131
122
115
1
114
24
130
14
122
109
130
15
118
71
145
124
127
119
84
78
67
67
121
135
114
105
146
125
133
124
81
74
64
106
123
67
118
129
121
125
38
125
120
81
120
87
93
121
135
68
107
110
123
107
111
126
134
123
141
131
116
37
116
101
76
116
87
95
124
141
123
115
136
83
134
124
83
89
112
118
31
134
19
125
125
39
108
134
138
111
123
103
114
115
113
133
98
137
116
108
67
14
85
12
85
117
15
135
117
56
39
117
110
109
126
121
109
124
44
57
85
94
119
104
123
115
109
126
134
75
125
128
130
120
113
35
82
27
110
94
61
117
115
139
117
122
56
87
75
89
110
117
127
111
53
135
123
50
115
104
83
95
116
62
119
110
99
119
11
118
117
106
107
115
117
135
31
77
104
133
32
114
135
124
95
27
23
120
103
122
135
103
120
86
103
