1000 1000 1000
1 128 915
3 274
3 59
1 374 550
3 368
2 164 164 480998728
2 34 90 309450437
1 438 712
3 137
1 313 205
1 43 110
2 422 559 182086517
1 646 829
3 793
3 205
2 47 129 33112742
1 438 646
3 712
3 103
3 849
3 849
1 813 646
3 313
1 834 205
2 422 924 870769175
2 113 128 120951466
3 128
3 128
1 543 438
1 284 415
3 128
3 646
3 646
1 18 849
3 403
1 59 88
2 543 924 746891237
1 649 499
1 334 896
2 912 924 154486117
2 274 274 389939301
1 330 961
2 924 924 295035736
1 274 137
3 337
2 422 924 326354884
3 815
2 46 58 652232323
1 646 277
3 754
1 128 415
2 205 924 756501104
2 609 924 874977030
3 646
3 738
3 646
3 415
2 164 415 919143158
3 414
1 646 238
2 342 499 131283295
2 793 924 518236611
2 478 793 676206968
3 415
2 43 205 853584254
1 415 438
3 205
2 43 924 103253575
1 59 30
2 438 924 364246767
1 425 205
2 164 164 862499533
3 977
2 31 101 941565681
2 559 609 473510720
1 149 451
1 915 499
1 103 284
1 415 260
1 438 458
1 241 671
1 311 205
2 422 924 276781949
3 776
1 284 415
3 488
3 334
2 274 342 94784491
1 128 59
2 127 163 773167458
2 284 334 414781673
1 97 415
3 438
2 415 455 679748404
3 415
3 744
3 924
1 896 205
1 274 390
1 103 912
3 205
3 646
2 543 543 131548108
2 3 313 290348451
1 609 128
3 415
3 113
3 274
2 26 82 931025791
3 792
3 59
2 205 274 358199939
1 274 334
3 153
2 334 924 28467626
1 205 617
2 849 912 944484189
3 368
3 739
1 59 103
2 103 284 551856883
1 274 646
1 230 113
3 43
3 128
2 550 924 300587282
2 113 120 803920586
1 754 334
3 164
1 415 225
3 103
2 559 924 231640069
1 499 438
3 274
3 128
1 128 128
3 478
1 438 494
1 700 567
3 205
3 422
2 550 550 899983741
1 128 258
3 128
3 776
2 43 924 617599305
3 103
1 205 128
3 694
3 205
2 912 924 69200626
3 150
3 438
1 284 438
1 205 85
2 274 646 456714654
1 422 334
3 274
3 124
2 422 478 941633910
1 128 543
2 205 334 178164465
2 438 499 183968547
1 342 137
2 915 915 785395296
3 646
2 46 53 944518563
1 438 646
2 403 403 885229150
1 128 543
2 342 924 926775961
3 386
2 849 849 472293403
1 415 205
3 415
3 649
1 284 403
3 363
3 205
3 789
3 546
2 205 274 845468823
3 205
1 334 636
2 94 153 912344181
2 104 163 439869614
1 438 342
1 683 334
1 186 334
2 21 22 627011700
2 438 455 691711862
2 924 924 718099771
2 113 113 937327016
2 27 118 664872819
1 588 128
1 128 205
3 128
1 438 349
1 823 429
2 334 415 477299576
2 103 103 232250296
1 687 543
1 128 103
2 51 87 830834805
2 342 403 584781430
2 3 15 817858113
3 543
3 934
2 478 499 16497541
1 128 128
1 221 598
2 559 559 303387718
2 559 609 46153684
2 609 646 801870377
3 550
1 95 128
2 924 924 235719338
2 342 403 451300448
1 278 113
1 415 776
1 478 913
2 113 334 532116008
2 334 342 132998138
2 334 342 346175047
3 438
3 103
3 205
3 128
1 415 536
1 310 415
1 810 828
1 455 760
2 559 559 182477643
3 600
3 399
1 43 415
3 481
2 438 924 497232571
2 47 125 610580400
2 422 924 122495768
3 849
3 415
1 462 438
1 128 128
2 793 793 402518128
2 912 915 215791726
3 415
1 890 284
2 609 924 231937685
2 18 37 902651647
1 202 43
3 732
3 43
1 19 438
3 274
3 438
1 50 115
2 646 924 37740749
3 967
3 284
1 205 205
1 390 438
3 649
2 43 59 165253344
1 499 646
2 924 924 346129712
2 912 915 207749157
3 792
3 438
3 205
1 334 269
2 403 543 367382081
2 342 342 444487146
3 127
2 59 103 915602589
1 646 128
2 499 924 281894207
2 54 82 541876480
2 43 93 222598431
2 164 205 966154774
2 403 924 929748692
2 59 128 738898339
3 128
1 501 974
2 27 58 661323605
3 646
1 706 128
3 415
2 7 15 990864832
3 291
2 274 284 424405423
3 250
3 205
3 499
2 422 478 958530946
1 499 403
1 761 22
2 113 164 123242939
1 438 609
2 79 255 903523720
3 896
1 113 646
1 849 924
1 284 205
2 90 132 989638359
1 561 415
2 137 274 296180418
1 754 316
3 455
1 685 103
1 205 274
2 274 342 88535768
3 22
3 226
2 58 115 917162155
2 284 455 846891568
3 205
1 499 205
1 205 972
2 28 33 37197110
3 924
3 415
2 499 849 702953002
1 137 438
2 646 924 165901613
2 3 151 527711425
1 465 128
2 334 478 671352671
2 455 924 577888798
2 550 550 370603356
2 164 284 555611320
1 128 829
3 103
2 924 924 464796223
2 849 924 191712105
3 458
1 609 128
1 536 283
3 403
3 854
2 543 924 632855972
3 438
1 415 415
1 205 205
1 128 559
2 43 924 629941642
3 609
1 128 128
1 899 646
1 499 438
2 137 403 373781881
1 128 478
2 550 559 200990351
2 334 342 275915681
2 274 284 184898020
3 334
1 625 438
3 462
2 137 137 936042028
3 646
1 789 205
2 11 116 41652846
2 478 924 490089032
1 559 920
2 438 924 107568276
1 438 59
2 164 284 767672326
1 103 205
3 474
3 646
1 128 334
1 131 274
3 415
2 121 193 750659068
1 609 499
3 103
3 205
2 113 924 468550449
2 422 438 371897190
3 66
2 128 924 532520071
1 403 559
1 975 912
2 284 924 601157672
2 150 282 157130209
1 789 912
1 859 37
3 334
2 438 438 404808526
1 438 415
1 458 415
2 284 334 208602690
3 646
1 144 810
1 257 502
2 403 924 873855368
2 455 924 300245687
2 342 342 391882581
3 646
2 23 238 362471781
1 118 609
3 164
2 284 924 91735093
2 543 550 527115124
1 128 458
1 646 111
3 59
3 646
1 646 103
1 163 415
2 128 137 311409907
3 164
2 478 478 563680434
3 274
2 334 415 745017688
3 128
1 974 438
2 438 924 440753574
3 128
2 122 259 893650187
2 164 205 248467208
2 924 924 391012400
2 113 113 276112018
2 912 912 899476232
3 274
3 284
2 137 137 678241935
3 436
2 342 924 77695994
3 284
1 16 274
1 438 715
2 2 67 161715172
2 478 793 602317791
2 104 131 123514094
3 43
1 455 111
2 342 342 263317186
3 438
2 49 135 652510013
2 164 205 213825807
2 924 924 148072216
2 912 924 628244642
1 101 128
2 137 164 81264536
1 59 554
2 646 793 119426043
3 415
2 334 334 765980725
2 550 550 288465854
2 128 543 219442834
3 164
3 722
2 33 81 253585156
3 524
2 96 99 950752874
3 793
3 128
1 559 334
1 128 92
2 609 849 237394100
2 43 100 898058628
2 499 924 756527975
3 646
1 646 455
3 724
1 94 438
2 403 438 268309686
1 646 543
1 438 543
2 422 478 614789753
1 59 861
3 793
2 72 90 662319801
2 274 342 658451666
2 415 422 207825933
1 403 306
3 128
1 438 164
3 113
2 415 924 580149619
2 403 924 659310815
1 993 274
1 128 676
2 47 176 773197851
3 393
1 845 918
3 543
1 499 646
2 150 190 653353794
1 379 495
3 25
1 43 103
3 342
2 5 170 527333498
2 924 924 451929449
3 205
2 62 185 514079480
2 205 274 810906135
1 924 497
3 744
2 646 646 20515719
2 85 104 41839930
1 153 128
1 137 128
3 128
2 646 912 851628541
2 422 924 287720685
3 559
3 190
2 646 924 273013966
1 736 282
3 580
3 205
3 849
2 274 646 620665640
1 284 324
2 499 499 688699115
2 478 478 644463971
1 646 316
1 128 438
2 11 82 86197787
3 128
2 5 142 107514598
3 53
1 284 646
3 415
1 609 205
1 478 646
3 890
1 368 339
1 550 499
3 103
1 776 227
3 462
3 194
2 137 137 832313655
3 478
2 205 205 683983877
2 205 334 114132366
1 478 950
1 103 646
3 438
3 438
3 438
3 205
3 2
1 609 438
1 478 128
2 20 61 639996847
1 688 559
2 43 59 226565931
2 103 137 322228882
1 415 415
2 137 403 176349003
1 239 205
1 478 128
2 128 128 776718339
1 608 499
2 149 162 122000515
3 321
1 519 311
3 205
2 90 120 468790810
3 59
2 849 924 283139710
1 128 800
3 671
1 855 890
2 793 924 462167398
3 646
3 728
3 128
2 455 924 166605454
3 128
1 205 554
2 205 205 989478565
2 438 455 634312090
1 103 974
2 849 924 472707528
3 205
3 203
2 422 478 582828973
1 164 103
1 103 883
1 128 21
3 438
3 234
2 128 205 828672428
1 251 28
1 899 274
2 499 499 536807566
3 675
1 278 866
1 334 924
2 69 241 592989853
1 205 334
3 390
1 641 712
2 342 342 131928139
2 164 164 82404465
1 646 128
2 550 559 987624238
1 646 924
3 80
3 559
1 438 128
3 455
3 403
2 125 151 117577558
2 915 924 192644429
2 793 924 341627938
1 128 652
2 59 924 603403397
2 113 924 936300791
1 736 205
3 128
1 128 282
1 438 914
2 915 924 127255215
1 997 438
1 334 314
2 274 274 138101019
3 59
3 22
3 128
1 205 205
1 140 284
2 128 128 635258265
3 425
3 334
1 205 550
2 455 478 661894482
1 499 455
3 646
2 550 559 224490050
2 793 924 800084340
1 205 536
3 225
2 16 96 99468029
2 550 646 586750302
3 646
1 499 499
2 403 403 186713596
1 415 274
3 438
1 652 128
2 912 912 86255648
1 205 389
2 17 161 815899774
3 415
2 284 334 401319546
2 924 924 55012774
2 342 342 533603821
2 137 403 980594797
2 915 924 305307609
1 476 646
2 284 455 55125680
2 15 88 746684489
2 21 93 314444752
2 849 849 617360754
3 313
3 88
1 633 376
1 438 847
1 415 415
3 438
2 342 422 297753535
1 779 205
1 205 438
3 499
2 65 304 236517510
1 478 137
2 415 924 767722755
1 415 666
1 499 205
3 415
1 924 873
2 342 342 650117771
1 438 646
1 342 559
1 137 128
1 849 530
3 411
3 128
2 422 422 196718134
1 344 263
1 415 609
1 348 461
2 205 924 649025284
3 646
3 499
2 415 550 318113943
1 175 113
3 761
3 521
2 334 342 50539676
3 415
3 646
3 559
2 793 793 28699600
3 666
2 72 74 741727179
1 30 103
3 122
1 598 528
2 915 924 436410923
2 455 478 319423262
1 103 128
1 334 422
3 675
1 438 415
3 103
1 438 205
3 415
3 948
3 415
2 35 38 970153027
2 559 924 31909181
3 564
1 284 130
2 85 139 777450350
2 543 550 226031908
3 543
3 984
1 499 137
1 550 855
3 128
3 128
1 559 559
3 216
3 540
1 924 376
3 914
1 646 205
3 415
1 543 651
1 22 851
3 734
3 25
1 128 295
3 646
1 854 499
3 996
1 521 128
3 195
1 205 687
1 530 663
2 58 91 132159398
2 94 97 317530632
3 205
1 912 498
1 205 849
1 915 334
1 128 415
3 736
2 438 609 628957739
3 113
3 278
2 646 912 408025685
2 415 455 826561144
2 849 924 218927386
3 456
2 43 59 130298450
3 646
3 111
2 14 275 410655490
3 438
1 915 205
1 164 113
3 137
3 420
3 646
3 128
1 137 438
2 849 924 824324566
2 793 849 178178458
1 438 849
2 274 274 514250955
1 205 334
3 128
3 205
1 438 526
3 550
3 334
3 165
2 137 924 414530879
3 195
2 334 415 932971808
1 438 728
1 205 388
3 59
1 415 915
1 823 646
1 649 499
2 438 438 436498533
3 438
2 43 43 483886983
3 609
2 36 57 58374788
3 675
1 415 543
1 646 438
2 334 924 897699212
3 438
2 499 924 505940938
3 754
2 6 105 31972985
3 205
1 205 417
3 927
1 334 446
3 646
3 415
3 415
1 609 128
2 646 646 884298776
3 915
1 205 671
3 415
3 645
2 912 924 310065761
2 104 175 850997518
3 205
3 646
2 915 915 945313408
1 197 415
3 415
1 165 272
1 912 499
2 137 924 361943432
2 164 924 647644353
1 43 438
1 415 924
2 36 61 579370390
1 85 728
3 849
3 128
2 274 924 709088630
1 103 438
3 284
1 776 286
3 342
3 739
2 455 924 361333931
1 274 521
1 117 221
2 274 284 453706348
2 149 156 27597687
2 172 326 22975463
2 274 342 209817747
3 128
1 438 609
2 103 137 911712934
3 796
1 646 438
1 225 233
2 499 924 460204518
3 137
2 103 103 973775407
3 415
1 491 415
2 13 197 120480231
1 205 164
1 646 103
1 770 609
3 182
2 23 126 81084144
3 399
1 438 334
2 559 609 707531111
2 137 924 770109176
1 284 205
2 83 164 918803352
1 193 997
2 342 924 613092965
2 284 924 675816627
3 274
2 915 924 592776057
3 284
3 646
1 368 172
3 438
2 205 334 75375504
2 915 924 143359107
3 113
2 26 87 196894094
3 128
1 128 172
2 609 924 372606910
1 915 111
1 640 583
3 415
1 205 438
1 671 646
1 128 609
3 543
1 128 415
2 422 438 59132897
3 640
1 415 646
1 478 205
2 455 455 584001632
2 646 924 531280429
1 883 559
3 438
2 559 609 678895112
3 478
1 559 415
3 334
3 390
1 403 854
1 438 59
1 550 499
1 415 967
1 403 113
3 698
1 438 434
2 35 95 60672133
2 103 137 78835758
3 43
3 936
3 438
2 455 455 774868348
1 609 164
1 128 896
1 43 164
3 438
2 499 849 800613282
3 649
2 550 924 986498390
2 334 334 984247790
2 144 185 842497778
2 403 924 100030774
3 755
1 334 543
1 833 997
1 128 499
1 438 284
1 205 422
3 351
3 415
1 415 164
1 334 789
3 43
1 334 103
2 164 164 41564976
2 478 924 175874558
1 646 172
2 550 646 750603884
2 559 924 243697643
3 181
2 137 924 266059877
1 404 543
2 274 646 244997673
1 499 113
3 438
1 378 739
2 137 924 458003596
3 438
3 646
3 559
3 646
2 43 43 877548580
3 646
1 128 334
1 415 499
2 274 646 112163632
3 559
3 274
2 849 924 48889259
3 71
2 56 142 569981891
2 559 793 39402012
2 915 924 958695210
2 342 912 882682929
2 82 118 967433120
3 575
2 36 104 67250688
3 205
2 15 110 146340667
1 556 205
2 113 499 586942913
2 164 924 70628282
1 59 896
2 145 210 871116090
1 699 495
1 128 912
3 532
1 438 646
2 1 20 21007145
2 793 849 36370014
1 415 495
1 470 342
3 455
2 137 924 843002413
1 540 646
1 30 415
1 739 103
2 128 924 699205587
17 987
852 923
639 777
644 905
325 558
152 230
482 616
89 737
30 370
173 496
728 984
78 871
145 878
56 146
725 931
177 325
440 459
70 411
485 780
138 346
70 167
85 705
33 799
40 948
284 823
302 354
194 811
327 464
204 936
388 580
142 796
673 983
365 413
769 931
21 985
726 935
321 857
258 436
438 941
28 517
165 204
92 287
556 706
536 921
298 535
314 402
568 973
132 545
592 925
480 912
403 780
68 866
656 905
69 97
323 857
372 813
34 77
66 401
625 691
410 758
436 542
220 843
170 894
839 879
721 926
1 494
283 995
179 575
315 958
593 853
42 543
29 588
123 595
63 662
382 966
511 688
108 549
415 799
297 719
6 447
78 84
490 808
281 826
44 385
106 669
641 652
8 15
14 216
813 827
238 283
180 480
124 435
92 352
62 618
358 601
196 770
344 838
96 800
48 71
566 733
223 445
338 805
252 660
659 992
632 796
190 289
353 750
724 813
177 275
239 967
558 768
186 748
674 807
179 492
644 934
562 897
486 600
446 801
226 606
59 833
360 501
132 744
486 861
493 834
274 680
38 785
42 269
698 820
210 510
698 787
349 488
819 862
469 594
614 637
131 186
195 974
473 655
344 364
192 773
267 675
157 363
355 867
851 897
715 732
698 766
159 708
275 407
117 121
499 551
115 343
554 881
611 706
264 860
195 833
185 913
395 505
329 961
7 247
123 491
13 861
200 527
433 576
15 141
145 467
53 59
142 872
563 641
147 837
281 889
300 847
694 753
221 597
687 789
512 699
72 403
529 787
344 462
808 858
545 615
72 299
100 398
122 579
83 912
378 492
262 547
265 794
714 968
230 525
691 701
415 999
172 492
656 750
103 206
413 491
396 552
360 598
203 484
460 572
885 991
763 802
610 789
548 889
474 661
316 958
52 788
107 128
270 831
7 409
6 235
492 759
60 220
533 553
2 252
170 320
535 542
34 84
226 326
7 492
412 699
185 462
205 418
306 950
478 820
353 901
200 731
216 299
825 885
284 658
78 846
358 883
60 660
229 660
656 907
533 968
295 657
443 972
543 832
539 613
292 774
40 789
910 976
115 793
275 933
176 205
752 798
865 923
294 709
216 509
648 925
403 459
386 538
208 300
349 388
235 514
45 770
63 868
301 853
468 659
82 148
82 677
581 905
28 507
520 698
460 683
777 810
306 708
488 556
199 779
249 410
70 996
257 920
160 566
101 269
199 320
661 716
222 937
79 334
547 687
177 321
672 821
82 874
59 294
100 540
190 293
17 137
473 950
750 986
114 368
173 181
480 629
449 656
536 842
762 909
231 250
159 825
1 624
62 645
89 718
333 987
540 726
272 554
119 820
154 424
111 681
94 594
27 105
305 835
88 410
596 672
239 977
127 761
420 741
862 915
15 676
33 789
42 616
304 400
198 997
196 709
257 966
626 874
115 242
146 634
564 893
503 568
99 536
858 973
243 947
830 998
25 756
42 754
358 599
505 618
222 752
164 438
685 961
382 612
751 876
69 488
408 653
328 476
17 665
28 834
308 427
288 377
178 281
748 922
98 399
139 318
471 777
64 237
357 941
260 578
510 638
181 634
414 600
749 784
30 839
348 399
502 649
25 670
333 811
140 281
467 723
524 564
596 872
412 840
512 517
779 938
441 968
445 903
259 363
141 537
319 761
378 387
597 600
331 705
48 574
493 889
465 845
194 303
621 942
100 296
224 488
211 307
449 975
34 738
68 651
475 546
90 694
248 590
48 980
118 648
236 640
345 464
55 62
666 941
138 658
781 974
54 384
510 814
95 592
465 912
505 886
496 938
203 657
7 635
64 606
415 778
452 588
32 631
167 667
320 867
359 550
174 210
511 860
571 829
84 681
128 242
678 909
303 685
33 758
213 745
425 514
528 992
333 969
78 281
516 947
415 925
162 182
283 577
255 418
473 605
467 1000
292 547
38 142
55 473
579 817
483 542
349 527
415 917
543 920
147 841
431 625
460 715
117 625
372 625
533 536
507 857
616 993
482 577
205 308
76 135
857 882
691 890
634 982
618 944
414 502
124 979
203 255
427 751
338 823
105 389
294 479
123 908
744 901
33 870
143 437
174 373
467 662
63 362
486 620
253 715
780 844
76 393
158 704
146 824
390 809
78 739
210 621
105 410
144 320
289 417
670 1000
372 842
241 315
121 468
510 596
449 511
291 513
76 275
294 956
2 737
310 519
408 868
11 847
89 427
234 604
359 925
292 985
539 780
264 359
38 86
632 781
122 487
233 508
246 617
68 110
101 176
58 277
2 18
272 616
273 754
507 868
24 895
297 563
229 507
272 334
187 214
484 851
278 852
200 372
154 356
312 501
372 850
232 256
113 554
353 475
138 926
380 468
300 655
362 944
172 521
702 941
462 634
46 713
695 742
227 703
622 874
499 680
504 905
392 503
441 794
467 592
140 910
120 658
287 473
289 350
805 956
261 656
740 915
490 893
826 995
522 584
679 877
586 745
520 946
122 612
546 766
763 803
446 842
655 911
293 417
245 304
70 454
112 816
348 698
122 601
356 452
373 541
559 580
81 888
136 321
61 478
411 534
75 362
160 705
135 952
90 371
184 713
317 905
377 784
146 421
645 873
181 549
372 650
71 469
260 946
866 943
467 784
221 658
813 936
258 514
96 970
106 179
443 460
245 587
602 619
72 238
41 767
93 211
174 248
548 865
870 898
438 565
247 334
460 950
190 420
207 640
116 499
190 712
336 809
75 183
519 638
544 823
918 945
50 741
197 636
335 964
852 961
145 482
50 943
243 882
519 969
215 774
98 162
810 843
535 805
154 681
484 927
1 155
787 888
340 578
324 821
449 480
285 646
61 174
78 100
509 753
404 529
54 141
174 626
411 994
140 502
176 268
190 274
152 571
264 335
595 852
56 197
83 266
454 968
286 892
86 842
500 645
100 303
635 688
118 243
92 854
489 890
33 80
323 716
350 861
706 806
162 600
482 819
202 518
135 606
504 732
33 612
16 363
572 588
185 193
25 653
375 726
365 785
703 922
282 603
87 519
21 700
148 263
349 996
338 491
410 484
57 282
291 846
415 982
594 651
566 871
19 133
324 671
365 598
186 923
96 556
714 721
223 795
435 984
208 796
404 988
429 792
390 705
363 598
951 952
787 898
703 772
452 852
276 932
16 367
753 923
156 478
286 808
29 962
1 886
13 270
161 454
51 797
333 594
262 478
227 484
342 396
548 661
152 859
727 902
163 167
42 221
57 485
387 666
373 914
80 374
681 958
453 493
308 813
59 300
470 945
584 634
429 713
260 899
368 622
785 937
772 869
726 820
243 303
117 399
258 687
33 742
176 747
3 553
127 900
305 687
521 524
400 514
261 526
808 987
261 455
56 687
217 776
532 874
324 792
767 916
1 128
329 731
768 806
153 443
578 597
386 671
747 851
150 648
183 927
574 682
533 543
31 551
355 701
575 609
634 719
88 414
393 508
624 913
312 494
134 311
481 931
3 392
151 716
172 344
18 925
34 52
74 80
22 769
425 657
167 408
494 574
157 363
360 977
91 836
108 180
53 631
675 990
249 592
639 720
85 580
837 995
729 883
74 597
489 545
389 419
474 564
474 816
489 678
549 870
587 630
148 588
380 757
153 881
525 894
508 806
540 804
458 461
252 556
13 151
394 471
499 719
403 991
485 801
642 787
710 891
543 568
95 386
243 415
55 721
419 845
560 697
955 980
766 968
172 867
267 988
361 911
295 625
82 377
214 704
631 842
336 484
486 594
743 776
492 590
261 852
33 929
716 797
97 134
680 894
514 732
222 790
253 396
484 828
528 675
232 566
187 948
196 809
204 347
716 755
421 642
141 246
253 796
360 703
631 783
252 709
368 555
3 974
605 768
850 996
783 788
201 796
412 704
72 202
384 425
144 306
474 898
207 465
716 830
732 777
656 772
172 306
478 701
195 726
211 698
317 812
369 422
255 340
411 901
228 243
64 136
61 308
58 496
171 875
196 553
101 828
366 599
352 674
95 783
241 493
564 566
425 734
414 928
667 836
285 390
651 921
567 950
248 314
11 549
296 595
380 794
164 721
83 642
727 905
417 969
941 961
570 660
730 939
102 187
656 913
203 651
282 820
351 754
276 360
17 61
350 917
67 237
62 878
448 975
843 972
423 752
11 355
391 828
525 993
287 932
174 536
554 747
749 779
556 898
142 646
142 938
108 802
692 821
171 183
728 992
122 754
35 237
375 466
691 819
19 97
544 646
601 991
38 780
513 879
29 30
726 939
8 67
377 673
125 771
4 17
223 536
144 400
95 757
202 941
686 837
429 919
221 328
30 380
780 869
87 142
93 222
210 618
387 944
112 916
175 932
895 928
153 334
65 810
322 327
40 926
67 486
474 559
237 308
970 988
527 695
260 370
559 771
620 816
186 931
818 899
601 888
87 264
128 790
229 330
714 955
328 353
775 869
259 958
5 41
742 942
747 841
488 885
