95 17
200567375 11
129492562 7
424758138 5
431018993 6
613333254 6
460308217 6
777535810 13
147140753 4
926682199 10
771298617 17
860598013 3
764116835 11
717407723 3
638104200 14
878238171 4
547361205 2
86403723 2
375634146 1
881513794 11
594873385 4
6630403 16
632103470 9
326596367 1
352783146 7
528289683 10
94863743 14
619741456 7
245891946 7
551113297 13
614980286 13
616395420 5
662972299 4
896227925 2
853718787 3
906766286 15
971845490 2
883788626 6
350139023 3
459552762 1
518240222 6
294811505 6
283715986 5
983765946 3
605801716 17
724475710 7
973271740 13
51660712 15
851912763 5
66827381 6
150081467 4
476292357 1
845582203 5
831545200 1
930586505 3
320280117 7
281702536 3
831465153 5
556097051 15
227832709 6
644077462 5
664501542 4
571134158 13
503392240 17
395316838 16
813028577 11
70605247 10
710551563 13
860190745 5
652296606 12
804052564 3
411993016 12
342386377 6
21923749 11
744286615 7
759065640 16
591868936 1
262390712 1
315049867 5
646297950 11
941848429 6
747460614 7
782558607 13
31532161 7
5839748 7
581237413 16
423124415 16
880583669 14
8160146 13
563982842 17
699247532 6
220454110 4
757274333 3
435876825 3
666853846 5
550448644 10
