1000
2 6 2 0 0 0
4 6
8 7 2 5 5 7
6 8 2 6 1 6 3 3
9 7 4 6 8 1
3 6 1 1 7 6 1 6 6
3 1 3 3 0 5
7 6 6
3 2 7 0 1 0
9 6 11
1 1 2 4 0 0
11
10 12 7 3 4 12
13 11 13 13 8 7 3 1 6 3
1 0 0 0 0 7
1
9 14 3 3 2 11
7 6 12 11 6 6 6 13 11
4 7 5 0 2 0
10 13 11 3
2 4 1 0 5 0
3 3
5 15 0 1 0 0
1 3 1 6 8
1 1 1 1 1 14
17
5 1 16 0 3 0
16 18 16 11 1
3 19 0 0 8 0
18 11 16
9 15 6 3 7 0
1 21 18 1 18 8 8 13 21
1 8 0 0 0 0
6
4 8 0 0 4 0
11 21 11 6
3 3 1 6 2 14
23 23 3
6 2 3 6 3 0
8 16 3 8 11 16
1 1 1 2 0 0
11
2 1 1 6 1 15
11 11
3 2 1 4 1 2
26 16 28
1 1 0 0 0 1
21
8 4 8 5 13 0
24 6 26 18 11 17 7 31
2 1 1 2 1 1
23 18
4 2 20 4 0 0
8 23 21 6
3 0 14 0 0 0
18 6 4
6 19 4 1 2 9
6 23 17 21 33 31
10 25 6 18 0 6
31 23 3 33 21 26 21 21 13 36
7 34 0 3 2 21
16 31 26 33 26 3 11
7 28 29 0 0 3
1 31 36 8 36 18 16
10 31 1 14 3 0
26 6 3 16 23 6 8 17 13 1
5 9 0 1 13 0
36 11 3 12 31
1 10 13 0 0 0
36
3 1 1 8 1 39
23 36 6
10 36 8 2 3 7
26 33 21 38 18 11 23 3 38 23
10 43 9 4 2 6
41 10 13 41 18 8 36 12 11 36
10 5 2 20 1 33
8 6 31 36 16 6 22 11 36 8
7 18 3 1 5 2
19 1 33 11 16 33 6
2 1 0 9 0 0
21 16
9 3 19 0 3 34
8 46 3 41 6 10 33 36 8
7 5 9 1 3 41
36 31 43 43 26 35 21
9 4 16 0 5 20
38 43 33 11 6 13 21 26 36
8 21 0 45 0 0
3 16 31 26 21 18 38 48
4 33 8 5 4 3
48 51 21 49
9 42 30 22 1 3
36 16 46 16 12 41 8 34 51
4 7 1 3 1 1
6 11 11 23
2 7 1 2 1 3
56 51
10 11 22 31 8 1
11 36 13 41 11 23 13 33 43 56
4 1 0 3 1 5
30 41 48 6
1 6 0 0 4 0
46
5 9 1 3 3 21
18 13 46 24 32
8 3 9 4 17 0
13 8 53 10 16 28 36 53
7 26 23 0 0 5
26 28 11 53 5 33 16
10 8 14 0 26 2
21 27 13 56 59 16 31 51 31 41
10 4 5 14 2 7
48 16 11 26 6 11 23 48 23 38
6 1 49 0 8 0
58 6 12 52 26 17
6 3 5 5 11 0
6 26 13 16 13 9
5 2 14 5 5 3
36 36 51 21 18
1 1 0 3 23 0
43
4 1 7 0 46 0
28 26 31 41
3 1 1 6 2 54
63 46 38
6 34 1 14 6 4
23 28 68 51 1 61
2 8 0 0 5 0
8 50
8 61 34 3 14 1
3 31 68 33 36 16 66 48
2 16 0 0 17 0
38 48
4 2 3 7 0 6
31 71 46 28
2 16 5 14 3 1
68 68
1 10 0 5 0 0
30
4 31 10 13 3 1
46 36 60 13
7 5 1 29 3 5
73 3 73 78 6 11 11
7 2 0 63 33 0
36 16 40 21 46 25 48
6 3 42 42 0 0
68 41 53 1 66 28
7 6 23 0 0 14
66 81 51 51 71 11 1
7 52 11 17 2 11
68 68 78 71 53 21 33
10 44 5 0 28 3
48 66 61 17 8 71 6 23 31 63
3 1 2 3 2 24
68 77 52
6 4 5 3 4 4
31 26 56 13 3 37
5 3 0 15 37 0
53 76 53 36 45
9 82 51 49 5 1
47 83 86 3 8 63 58 82 21
7 4 1 17 3 35
83 36 23 17 6 74 6
10 63 8 1 25 10
81 66 73 48 64 71 11 66 41 16
10 22 0 58 14 0
36 43 23 19 46 86 87 18 8 38
6 46 16 15 0 8
78 66 28 53 16 56
2 1 1 1 6 5
81 86
5 4 2 89 0 0
53 31 41 73 26
5 3 2 81 2 90
7 41 51 58 6
2 1 3 0 0 38
46 1
6 1 13 1 2 18
58 60 91 68 86 48
10 17 0 31 0 13
11 28 18 51 41 18 81 8 52 81
7 1 0 20 70 0
66 66 28 81 93 82 86
2 1 48 0 0 1
46 91
1 1 7 2 4 1
83
1 1 21 3 2 1
95
3 16 0 0 78 0
96 41 38
8 48 0 0 41 0
88 46 73 98 63 26 48 16
5 3 4 2 3 91
3 73 96 76 21
1 1 1 1 1 4
97
10 60 16 80 0 5
86 78 66 1 1 96 71 33 71 11
5 85 0 39 0 2
61 35 98 76 11
7 6 2 0 5 106
71 31 51 11 76 61 61
3 80 0 0 0 6
36 78 86
10 48 89 29 7 10
56 81 63 3 8 81 48 89 81 101
5 2 5 2 22 8
106 71 48 93 82
5 0 5 11 0 21
36 26 98 28 46
3 33 42 0 7 0
76 86 26
4 2 4 1 2 6
16 46 21 71
4 113 0 0 6 0
26 67 38 41
7 33 0 0 101 0
81 58 102 53 33 28 18
7 116 0 0 28 0
56 93 3 26 46 106 61
5 3 32 36 5 7
93 68 63 66 111
1 1 2 1 3 1
67
4 3 0 60 13 0
61 103 88 121
10 112 0 0 46 0
23 6 101 46 3 58 108 33 78 116
6 3 0 6 3 75
101 51 50 36 61 18
5 4 0 107 50 0
11 53 111 93 46
4 3 0 8 15 5
113 78 53 51
6 10 90 18 6 2
118 76 5 116 31 16
5 3 8 0 94 0
66 23 1 103 86
2 0 6 0 0 60
46 26
8 5 1 58 26 0
6 1 118 23 51 101 74 113
7 5 0 83 7 0
83 61 23 66 21 111 26
2 1 1 4 1 83
118 51
2 5 1 1 10 1
35 106
3 4 0 129 0 0
100 106 118
1 3 49 0 0 0
101
9 91 108 2 5 14
122 81 23 43 98 99 121 51 6
4 4 0 94 0 0
17 128 51 108
4 3 10 0 0 40
61 53 66 123
6 3 0 11 41 0
123 78 28 53 81 94
2 1 1 0 52 0
133 50
6 11 4 30 20 8
116 73 136 96 56 23
9 51 0 0 3 57
46 106 38 129 51 101 131 66 33
6 4 3 3 44 11
76 71 11 66 141 127
2 2 0 59 0 0
68 106
5 84 22 26 35 1
91 136 121 113 143
5 4 1 4 1 43
64 3 133 11 21
6 3 0 13 49 0
113 141 99 48 96 48
7 30 10 0 0 66
3 67 126 46 68 138 103
7 4 6 3 5 23
73 16 61 124 137 73 56
6 73 117 0 13 0
145 28 129 11 26 98
4 1 74 15 5 1
33 36 88 122
1 1 2 1 64 125
29
10 6 132 0 0 135
136 106 41 9 63 38 51 86 31 61
1 1 1 7 2 2
91
9 15 0 5 5 66
111 46 62 13 18 141 43 153 138
6 23 0 0 52 0
73 33 4 116 11 126
6 6 4 0 80 0
51 143 61 23 83 63
7 59 12 10 33 2
51 8 148 46 156 78 6
3 74 28 15 10 1
81 143 106
10 123 6 12 56 8
143 131 43 83 96 48 41 146 56 116
9 58 5 43 34 4
116 131 71 88 101 6 113 31 23
10 22 39 0 0 154
51 13 38 121 11 123 111 43 38 131
3 150 13 36 2 4
161 155 106
7 2 0 14 2 20
90 48 9 151 48 116 16
10 14 8 0 64 0
31 103 6 63 11 41 6 146 162 101
6 63 102 0 38 0
100 133 158 13 160 83
8 34 0 0 66 0
16 26 46 61 101 148 156 141
8 70 0 0 0 140
86 83 16 113 87 66 23 116
8 154 151 0 3 0
28 31 1 51 91 31 151 102
9 22 105 36 25 6
78 133 38 63 119 6 151 62 96
1 1 1 2 11 1
153
6 4 48 28 13 11
86 43 111 103 153 76
6 1 4 23 14 10
6 106 51 126 94 59
10 67 0 0 0 47
13 51 143 146 161 163 33 123 71 103
7 83 0 0 0 132
119 143 156 136 121 76 68
9 118 0 144 10 3
171 13 161 171 3 68 51 71 146
2 8 0 0 2 5
116 12
2 1 42 18 3 3
101 146
1 1 17 0 1 0
41
3 0 19 0 59 0
78 168 68
1 1 1 17 0 0
71
5 5 1 5 1 14
6 81 111 61 67
7 39 0 82 47 0
113 121 135 171 158 21 118
5 118 163 0 0 11
168 52 147 181 116
4 1 13 0 1 121
76 36 88 7
4 183 27 16 2 2
103 3 126 131
5 4 150 7 4 9
11 113 129 117 181
9 10 150 0 0 29
58 71 176 76 81 91 183 11 143
6 118 0 13 17 0
83 18 24 116 46 53
7 187 115 23 1 5
81 13 88 121 139 176 5
4 3 3 179 0 0
133 146 63 63
9 5 88 0 63 0
128 141 134 21 16 183 8 101 73
2 69 0 0 0 12
126 183
1 0 0 168 0 21
8
1 2 0 0 0 0
6
6 4 0 123 3 0
6 186 8 81 92 141
5 2 10 1 38 8
98 78 66 181 153
6 2 58 18 5 6
76 60 118 7 6 93
10 194 184 22 10 12
108 163 21 173 43 163 6 134 43 138
8 2 39 0 0 27
41 133 126 8 8 38 191 76
4 0 0 11 45 0
173 136 178 8
10 13 78 115 17 18
111 108 66 76 151 176 111 81 176 113
10 13 43 160 13 2
63 66 51 198 91 36 82 71 158 93
7 22 10 0 40 132
56 83 126 186 157 148 176
6 22 18 0 0 24
11 131 201 96 86 33
5 65 60 58 6 1
3 113 93 90 198
2 0 135 0 0 0
16 132
10 128 52 15 118 0
197 166 141 173 96 143 111 186 121 138
9 3 50 0 0 121
171 0 204 156 78 18 36 11 49
10 53 67 167 0 20
149 163 183 176 123 181 48 62 114 56
8 4 32 168 14 9
156 144 51 91 181 160 86 191
6 1 0 16 3 139
156 36 126 148 31 38
3 81 0 11 12 0
158 1 78
4 10 0 0 2 79
11 53 101 66
1 1 1 1 91 39
49
9 4 0 139 208 0
80 151 48 16 121 63 116 156 211
4 2 0 93 1 0
67 121 168 28
6 3 0 12 5 30
151 196 11 206 86 51
5 3 0 8 4 34
71 203 186 131 164
2 1 0 0 21 0
121 100
4 51 78 61 13 3
161 161 201 118
4 1 1 6 2 168
218 161 6 186
4 2 1 7 2 12
166 6 113 11
5 1 10 3 2 27
116 3 6 68 18
6 152 0 129 0 0
56 14 213 56 168 161
6 1 32 0 0 125
156 46 54 146 216 47
9 3 6 12 0 134
94 6 176 163 1 68 86 66 103
2 3 0 95 0 0
226 158
9 175 63 0 22 8
31 73 76 158 131 4 16 56 136
10 2 22 0 214 0
91 151 98 70 21 38 168 106 176 158
4 19 0 0 0 26
221 76 81 161
4 110 0 136 3 0
91 193 203 200
4 2 4 2 74 131
68 50 111 19
4 17 48 20 19 12
156 100 156 211
10 225 141 48 0 31
191 176 146 180 68 208 146 116 56 32
8 112 71 34 33 7
199 12 48 193 186 8 211 3
7 41 3 42 39 11
101 186 193 111 11 106 126
6 199 84 29 48 1
118 228 113 221 113 192
7 112 144 18 33 16
108 81 188 193 146 235 181
3 101 8 31 25 7
206 226 198
8 95 0 186 27 0
18 216 121 176 236 173 111 58
8 238 0 0 23 37
126 136 231 141 61 186 123 201
10 12 0 16 2 174
166 121 26 203 213 193 71 26 81 236
3 66 0 0 0 24
241 86 206
9 48 2 0 104 0
218 35 183 206 56 26 106 143 9
10 60 232 54 28 18
61 193 61 143 231 166 186 61 153 125
3 66 186 0 0 0
31 191 216
2 1 0 3 43 0
205 238
9 2 0 24 168 0
216 158 18 63 201 126 192 188 76
1 1 0 3 0 193
173
2 2 0 3 1 15
111 213
4 79 6 3 5 4
56 134 1 42
9 123 0 0 107 0
73 208 226 82 118 186 88 122 83
7 3 1 13 3 46
232 146 65 6 128 223 211
3 2 128 0 0 0
73 28 67
6 3 7 1 47 18
16 63 186 181 181 228
5 174 30 8 20 19
253 236 196 106 75
9 23 0 0 91 0
31 41 238 236 3 91 11 111 171
4 3 17 56 26 4
173 153 151 126
2 128 9 14 17 4
241 211
7 2 28 0 0 251
36 28 28 66 31 26 125
5 199 0 0 0 254
208 179 68 43 93
6 4 8 0 54 14
3 151 124 148 231 173
4 1 1 38 0 18
136 128 108 131
10 3 0 152 75 0
73 208 173 56 48 88 163 191 208 146
2 7 0 0 11 0
16 111
5 61 14 0 0 35
26 236 223 78 226
5 4 0 168 44 0
153 53 176 231 183
1 1 0 0 218 0
11
5 39 0 0 75 0
19 128 166 228 78
10 20 0 4 167 6
153 101 233 153 218 91 133 263 224 253
8 4 2 12 0 195
161 13 198 269 166 101 148 61
9 1 28 0 73 0
108 168 146 42 18 56 48 198 13
3 82 102 23 0 0
271 86 21
10 166 0 219 0 34
248 146 248 218 268 186 91 51 208 58
5 5 117 0 0 20
73 123 53 241 131
2 1 1 1 31 174
271 126
8 83 5 0 0 21
33 1 36 31 193 28 173 18
1 6 0 0 45 0
216
5 8 246 40 8 11
276 261 82 76 265
10 71 114 256 0 14
171 136 228 228 201 166 181 196 56 41
3 13 0 0 269 0
131 36 136
7 4 0 13 49 25
206 226 258 31 171 121 33
3 4 1 4 1 156
132 266 153
4 177 0 0 21 0
31 101 151 101
4 3 0 4 2 53
281 211 11 36
5 4 3 0 127 0
171 166 161 251 211
9 0 22 0 111 172
230 56 16 110 198 92 208 56 38
8 280 101 50 22 10
218 29 208 130 77 48 251 141
3 195 153 0 0 0
121 136 243
4 11 0 0 44 19
116 153 281 281
6 3 60 32 44 26
178 211 193 226 251 152
9 110 0 0 0 155
26 238 31 151 173 139 91 173 68
5 1 122 170 15 5
266 218 196 267 238
3 1 0 237 2 0
222 43 221
4 4 2 0 172 0
263 273 191 181
2 200 0 0 5 0
72 178
8 4 0 22 113 0
251 46 193 259 128 13 126 206
1 0 3 0 0 290
166
6 2 10 273 0 0
233 228 226 123 216 88
10 224 188 128 0 0
118 13 271 111 66 91 98 51 285 8
6 287 5 19 11 12
176 56 183 221 11 96
10 6 0 14 7 243
43 41 141 171 271 126 258 298 201 242
7 113 43 104 41 2
216 94 61 86 191 296 121
4 3 60 0 20 0
225 46 1 51
1 3 0 0 1 11
233
10 8 0 26 3 66
196 169 193 7 76 206 73 285 46 211
6 10 0 248 0 0
118 298 179 76 63 28
6 2 217 0 0 20
163 186 51 126 146 176
9 307 5 4 10 29
30 34 71 17 171 93 233 227 243
10 7 0 19 208 0
137 147 263 151 41 161 220 306 306 221
3 6 0 250 0 0
173 31 206
5 64 212 0 0 19
218 61 218 158 213
2 2 1 3 20 33
3 273
6 5 6 0 114 0
261 73 283 236 103 201
6 313 144 71 11 18
253 221 206 216 263 196
7 5 176 226 0 0
143 31 261 206 186 201 233
1 1 1 0 1 9
193
9 150 208 0 131 0
93 313 81 283 290 211 226 298 81
5 1 3 7 316 163
298 266 215 218 88
7 143 0 106 0 35
114 206 286 48 96 196 306
3 2 118 74 0 0
244 253 41
9 200 0 0 267 0
36 81 29 41 111 106 296 1 186
5 3 0 7 115 0
1 238 23 211 58
1 75 46 11 1 2
261
1 2 0 0 231 0
192
7 306 270 43 1 8
126 139 218 126 11 318 250
2 0 200 0 0 0
96 98
1 0 1 24 0 5
198
7 6 0 92 0 249
141 121 328 46 318 68 56
8 5 5 222 0 20
33 178 221 123 251 168 247 83
2 1 1 2 1 201
18 3
4 1 216 23 1 13
328 16 242 211
3 247 2 32 1 6
172 171 166
6 7 0 11 0 325
108 81 126 178 245 273
4 137 11 3 19 27
271 191 333 106
5 3 0 11 2 241
51 296 13 276 271
10 109 2 243 38 1
148 231 143 106 28 126 102 251 235 116
1 1 120 88 0 0
281
1 96 0 0 323 0
228
9 313 293 198 30 19
333 152 336 276 303 171 206 281 323
7 2 304 0 0 17
8 246 45 90 306 184 71
2 1 81 32 9 4
141 318
7 220 0 0 12 39
66 157 281 131 141 306 38
8 342 11 24 23 44
116 61 273 141 278 266 263 293
8 4 12 0 315 0
331 253 66 323 86 81 318 81
3 1 102 51 10 6
186 203 241
3 57 155 34 10 1
33 311 278
8 4 215 280 23 0
256 63 86 309 241 258 243 328
5 4 5 2 1 39
6 223 231 63 289
5 4 2 4 1 49
186 81 183 323 251
10 349 219 120 46 3
91 76 161 299 199 291 288 213 66 291
3 1 2 313 0 0
94 233 166
1 0 0 152 0 0
256
9 4 99 0 142 0
186 346 103 166 188 3 283 217 126
8 5 4 119 0 130
98 316 353 191 118 53 131 13
6 84 87 160 2 18
48 326 306 131 271 196
1 1 22 4 16 6
341
10 6 154 0 107 14
24 21 331 318 193 308 301 23 83 58
9 7 198 97 88 24
146 156 260 274 236 311 281 138 351
10 149 0 300 20 12
208 211 51 201 291 124 153 111 146 293
5 3 0 64 4 0
23 126 78 31 41
8 2 68 344 0 5
96 101 356 320 212 13 306 196
4 3 1 10 2 29
271 176 91 111
9 4 177 187 0 22
281 11 131 336 116 351 11 152 158
4 3 225 46 22 8
227 333 333 126
1 0 289 128 0 0
198
3 2 0 72 0 0
116 113 61
10 5 0 121 70 36
73 356 51 346 176 196 321 16 343 31
6 3 303 89 0 0
156 313 125 191 148 36
9 368 47 27 12 41
131 196 126 66 81 353 238 341 34
1 1 16 1 17 4
285
3 2 1 2 2 178
48 191 193
4 2 362 0 75 0
56 348 241 343
6 6 5 0 60 40
31 301 233 293 231 297
2 1 95 63 2 1
127 356
9 1 81 361 0 0
226 61 298 376 231 60 38 42 276
6 338 51 0 13 14
109 76 226 23 71 346
1 0 0 77 1 0
234
2 1 227 0 0 0
193 91
1 0 0 328 0 0
148
6 11 0 1 4 57
201 220 233 156 191 211
2 11 0 0 24 0
203 58
6 288 14 259 0 13
336 86 366 343 373 108
1 1 65 11 6 5
333
7 4 0 206 72 11
41 151 366 318 201 323 350
5 245 26 81 2 25
211 218 351 301 61
7 36 275 0 139 0
261 351 6 386 285 381 306
6 261 53 79 42 0
230 133 211 341 106 81
3 2 39 78 19 3
221 83 338
5 12 57 18 19 51
306 141 388 297 296
9 40 0 0 306 0
223 161 228 271 106 281 56 288 236
4 1 7 2 1 74
236 208 166 193
2 143 0 76 0 16
381 386
8 3 259 50 84 17
208 206 0 376 323 391 76 321
2 36 105 5 17 5
151 386
8 6 0 31 6 91
243 206 338 323 311 123 173 293
10 5 244 254 16 29
212 236 271 201 16 278 301 253 338 143
3 2 80 0 15 0
111 196 1
2 1 2 1 307 53
321 86
10 380 367 73 0 11
46 78 53 170 301 307 219 48 181 223
8 7 6 261 0 26
278 283 43 239 161 101 351 131
2 78 38 38 31 7
363 393
6 3 204 234 0 0
316 276 103 248 53 351
8 43 209 250 3 30
276 126 371 318 238 256 240 268
9 5 144 41 72 65
301 196 331 366 358 111 273 251 291
3 1 0 151 1 0
251 28 336
7 34 18 0 0 77
263 293 56 333 146 386 133
4 93 368 0 0 0
6 203 398 223
1 1 8 1 34 1
383
3 2 293 0 10 0
231 281 176
8 14 0 157 0 78
358 83 386 253 331 356 135 293
5 1 328 0 0 19
128 230 156 220 303
10 7 18 181 33 37
248 341 338 150 303 35 285 1 65 71
8 240 151 0 0 52
278 111 241 403 0 213 228 128
8 5 89 198 6 71
263 312 171 221 408 346 315 413
9 190 199 71 14 51
416 296 173 86 213 326 208 158 156
6 98 303 114 47 6
405 281 393 76 228 368
4 166 297 0 12 0
143 156 251 321
7 4 15 0 7 314
256 316 133 211 116 299 113
2 3 50 2 12 10
73 358
4 2 18 61 40 0
6 321 6 351
7 94 215 69 39 30
251 161 331 416 206 276 151
8 2 3 227 0 51
248 56 146 318 241 328 376 223
6 321 129 0 0 41
22 13 291 368 356 348
2 44 102 19 27 9
413 371
1 316 0 0 0 0
123
8 3 1 22 332 18
16 216 301 378 107 66 217 3
7 5 20 66 0 48
158 333 151 113 86 333 93
9 5 16 2 5 56
83 93 153 216 165 263 36 148 58
3 0 290 0 0 19
368 346 246
8 2 94 0 0 90
161 258 396 258 206 273 336 103
6 266 5 0 85 15
346 76 66 331 281 326
1 24 0 0 0 0
24
5 318 0 71 0 0
148 341 29 56 28
10 389 0 72 68 31
216 16 186 101 16 336 8 411 411 276
4 15 0 0 75 0
51 143 208 363
1 0 49 0 6 0
158
7 154 68 121 1 41
259 316 94 308 3 348 276
5 2 90 0 0 43
141 216 378 281 26
1 1 0 3 34 0
353
9 410 134 96 0 67
183 266 343 298 295 331 41 338 306
4 281 218 10 23 9
83 363 428 293
5 261 0 0 0 61
366 383 294 315 123
1 1 64 1 2 13
413
8 4 0 318 47 0
211 88 241 211 326 208 391 68
3 1 401 0 0 144
218 396 353
9 5 154 282 25 28
183 433 395 443 66 256 102 113 258
9 36 293 43 123 25
236 321 351 306 226 141 183 321 441
2 2 79 110 0 0
201 403
4 2 178 94 30 24
338 431 446 301
6 156 139 16 57 18
13 401 411 242 333 27
3 0 25 0 0 187
156 108 318
10 50 210 143 88 13
173 118 228 131 353 86 422 166 131 373
1 420 0 0 0 0
66
2 0 3 0 1 192
416 301
5 25 0 0 78 0
143 26 18 341 271
6 50 0 0 0 394
3 393 128 331 290 226
5 4 0 11 86 0
126 26 283 22 261
7 28 0 0 5 60
235 341 41 96 296 233 36
4 2 1 6 12 47
136 318 291 343
10 266 216 67 0 79
91 188 372 343 166 153 456 131 235 411
8 249 229 0 85 0
31 415 116 319 286 143 109 138
8 5 200 0 91 0
283 1 98 312 321 196 43 61
3 1 0 3 3 432
318 294 351
6 150 53 0 87 0
431 21 71 211 61 341
1 312 0 0 0 143
309
1 1 39 2 31 2
441
7 4 230 71 40 39
441 443 76 416 188 161 203
9 3 28 0 228 0
436 258 46 13 418 198 231 416 323
3 2 104 117 27 0
391 456 103
4 194 377 12 1 13
426 426 116 298
6 3 13 0 329 459
418 271 351 376 7 186
6 418 173 11 53 3
182 52 8 227 463 467
3 2 70 2 16 17
121 196 353
1 0 3 0 462 255
16
6 15 0 0 131 0
111 128 363 31 231 121
10 6 258 0 0 344
139 376 26 431 233 273 474 383 121 148
9 4 0 381 52 0
151 135 71 356 281 408 94 196 65
8 428 450 32 86 10
126 381 464 391 446 296 376 36
9 4 204 384 33 31
224 428 431 321 256 448 431 281 78
7 5 299 20 64 52
373 261 459 133 420 431 286
5 28 0 0 113 0
243 38 83 238 376
4 3 143 141 0 0
236 181 113 321
6 2 16 0 94 0
132 161 157 286 198 41
6 3 21 0 0 451
218 426 353 181 406 81
10 3 0 25 304 0
309 36 11 238 413 138 478 316 128 246
10 296 0 0 187 0
253 8 313 56 416 481 178 436 16 6
3 20 0 0 0 56
363 441 336
7 3 2 51 0 31
86 11 161 17 416 53 88
8 168 0 0 197 0
178 16 421 208 366 208 353 101
3 38 8 78 25 15
389 141 388
9 7 235 0 255 0
193 491 31 451 473 346 301 441 301
2 1 4 0 297 0
408 111
7 4 0 16 133 0
423 256 98 413 121 61 26
6 23 0 0 224 0
396 328 201 382 55 231
3 1 40 181 24 2
366 296 443
4 0 9 0 146 0
474 330 318 356
10 485 0 0 0 85
161 73 205 209 233 53 143 455 197 456
10 365 103 211 28 41
336 102 186 156 488 98 21 444 496 188
10 206 443 325 31 20
248 431 406 161 281 383 15 491 448 238
1 327 0 0 0 0
228
4 163 460 30 3 9
296 228 471 418
9 19 10 0 11 84
3 186 353 301 18 163 396 236 173
2 1 3 2 2 12
218 59
2 1 3 0 363 0
126 321
5 2 193 0 0 66
391 506 468 297 46
6 2 0 18 96 0
18 406 86 143 303 78
6 3 50 186 0 77
458 496 351 296 353 433
8 77 0 0 0 152
22 341 351 233 18 483 411 358
9 7 1 469 3 9
326 83 181 413 421 365 41 3 266
2 21 0 0 0 107
166 356
1 0 4 0 30 0
318
7 2 1 234 4 390
406 51 2 191 84 278 33
4 2 0 180 400 0
208 91 481 486
10 376 0 0 418 0
486 248 245 331 266 373 161 158 336 493
8 6 465 0 61 13
253 241 41 6 383 413 358 121
4 222 303 24 22 7
142 476 493 173
7 240 0 0 0 59
141 88 161 238 423 238 123
9 61 319 237 112 18
491 163 461 378 11 213 478 441 491
2 11 0 0 0 181
303 188
4 15 0 0 144 0
246 435 411 363
7 4 70 175 75 0
58 443 518 118 51 403 3
4 39 178 45 49 12
238 511 498 68
8 60 91 272 1 61
121 181 418 413 518 421 233 255
9 167 395 194 69 4
458 276 350 78 423 73 201 383 281
6 5 48 195 21 22
403 46 463 463 23 133
9 247 162 78 101 9
398 473 369 113 196 6 196 26 298
3 2 1 7 2 7
63 126 3
8 24 0 0 340 0
478 71 463 191 71 521 428 141
5 402 0 207 0 0
131 421 146 108 421
1 90 0 7 0 0
118
5 230 0 0 255 0
391 88 401 461 71
2 2 1 309 0 0
211 141
10 510 335 238 22 36
406 326 191 188 110 156 418 348 506 423
7 250 531 95 20 25
418 178 188 461 133 513 511
7 509 120 158 3 40
181 353 98 256 511 521 311
8 5 31 0 278 0
403 36 423 484 338 473 441 241
10 442 258 475 33 0
298 108 456 501 97 426 461 166 478 199
4 388 0 0 0 42
309 133 406 373
9 159 244 196 116 6
171 478 371 126 441 438 155 78 453
6 1 1 11 3 354
34 380 168 306 126 323
10 8 6 166 0 48
143 273 343 136 255 41 83 263 47 61
9 7 0 145 128 0
111 261 325 448 116 31 13 81 481
7 85 389 343 44 1
476 290 328 351 521 496 253
10 70 119 263 70 0
253 56 15 46 258 48 266 231 414 473
4 182 0 0 63 0
508 237 3 56
5 298 278 105 11 6
325 246 101 346 486
5 9 1 198 66 4
206 340 424 186 391
10 5 305 0 227 0
343 216 181 426 436 253 185 436 231 188
7 2 0 471 107 0
421 248 328 136 56 61 218
2 7 0 0 1 64
121 156
7 185 468 297 0 0
513 376 286 413 163 321 241
1 0 4 0 0 217
518
9 4 247 0 0 166
98 291 418 507 228 538 68 543 423
8 6 9 0 7 493
251 518 493 371 271 193 76 443
4 39 0 0 0 87
273 88 32 346
1 0 388 0 46 0
268
9 3 219 372 150 0
493 253 378 239 386 382 396 466 436
5 324 52 39 43 7
96 141 21 346 554
2 11 0 0 0 19
388 3
4 1 278 112 27 4
276 186 531 363
8 5 72 156 177 19
501 541 214 403 116 78 551 523
9 1 48 0 0 125
346 228 232 118 198 468 538 6 483
2 1 1 0 73 0
521 213
4 131 0 0 0 535
386 233 156 476
1 252 0 0 20 0
452
2 0 8 0 0 35
471 246
5 3 0 351 10 0
241 391 423 238 215
4 2 15 0 0 510
543 371 132 326
7 66 447 141 4 37
176 486 246 176 418 276 528
2 1 1 4 1 556
6 263
6 418 20 188 8 46
201 386 368 556 456 253
4 2 466 95 11 19
381 491 380 553
1 16 0 0 0 0
16
10 7 0 21 232 18
211 83 136 189 206 261 506 415 443 331
3 60 91 132 42 6
526 323 461
9 5 12 0 498 0
290 216 53 371 13 526 208 211 261
8 179 25 226 16 53
386 18 13 248 551 568 221 348
1 322 0 0 0 0
166
6 521 47 67 10 58
489 53 563 558 378 106
2 14 0 0 348 0
26 168
4 555 0 0 574 0
351 496 361 63
2 2 115 45 50 4
523 467
7 4 375 136 103 1
38 571 401 211 56 558 523
4 83 0 160 31 1
323 13 541 176
6 2 288 0 86 24
468 538 441 166 144 161
7 3 276 0 484 0
451 76 331 14 31 394 78
3 145 146 39 25 8
581 136 296
8 563 0 434 82 0
453 523 326 391 496 306 336 288
1 1 0 63 0 0
253
8 29 0 0 4 403
511 368 223 431 41 286 456 313
5 4 0 39 571 0
511 162 461 263 501
10 1 67 278 7 136
526 346 514 98 576 588 386 416 253 336
4 1 104 0 0 38
446 66 403 38
1 1 0 0 134 0
511
1 0 80 0 0 10
348
3 3 576 0 0 0
21 161 151
8 474 6 285 109 9
248 181 548 581 398 78 358 506
10 5 0 16 5 189
176 531 468 453 284 402 495 258 591 261
2 201 101 31 10 4
241 466
9 559 0 10 0 113
316 122 426 281 430 198 416 163 506
8 4 14 0 493 0
11 273 316 188 101 306 141 216
9 98 342 120 42 43
296 258 361 391 226 471 118 21 401
6 3 342 200 7 23
23 273 509 58 576 576
10 263 186 67 1 65
78 86 301 251 253 387 18 483 58 298
3 1 0 5 1 32
100 268 303
6 4 0 155 0 51
416 266 128 461 0 373
8 606 147 112 57 34
208 391 393 272 461 483 531 68
5 171 0 0 21 30
191 188 11 88 506
9 2 105 0 250 0
288 401 406 8 378 293 308 62 568
2 42 0 0 0 29
446 176
7 122 0 389 0 39
556 76 131 528 373 461 333
2 2 99 72 28 8
461 467
3 1 1 6 2 110
598 3 66
1 1 466 67 301 543
351
2 2 5 54 50 7
583 289
10 4 0 27 5 282
223 446 488 461 406 195 306 56 148 413
8 2 23 0 0 78
28 146 102 106 171 341 408 308
9 311 268 273 0 54
173 611 375 326 101 588 346 361 138
7 468 110 0 99 0
61 246 203 31 431 573 133
6 287 591 0 41 0
323 411 216 308 191 430
3 2 5 0 351 0
286 223 373
3 83 23 216 13 16
576 501 366
2 549 0 0 8 0
593 31
10 263 0 0 0 149
243 381 93 368 581 161 618 420 116 253
4 48 337 0 0 62
546 196 621 599
1 1 1 0 0 0
3
1 0 515 0 0 0
416
2 314 77 5 41 2
341 596
8 26 545 218 44 5
186 138 98 461 446 538 389 276
3 2 293 103 0 2
411 253 376
2 158 122 55 42 5
566 596
1 5 17 4 19 10
455
10 6 394 430 0 46
403 478 368 531 23 153 446 591 152 293
8 2 0 18 197 29
46 553 421 548 388 196 216 250
10 243 96 346 122 0
91 107 583 333 436 633 70 366 127 293
10 162 585 0 157 30
578 536 176 138 551 276 166 78 496 506
6 4 86 148 36 20
46 461 398 73 79 471
8 2 270 0 182 53
561 531 378 376 194 408 526 448
9 4 628 169 84 0
81 183 571 56 561 556 116 436 226
10 4 625 82 0 118
578 518 288 228 599 181 223 456 620 251
5 447 0 70 27 0
103 426 431 16 21
1 1 19 6 14 5
303
7 5 0 149 192 0
111 399 308 534 551 463 147
10 383 0 20 216 0
151 291 285 106 561 268 173 185 76 531
3 464 363 0 0 0
568 561 61
10 89 0 0 0 99
238 91 282 241 266 36 373 3 303 236
5 49 0 0 0 60
288 411 346 93 111
9 311 274 11 206 4
68 326 141 271 321 6 646 626 638
7 198 0 0 51 67
3 591 171 116 571 146 451
8 619 0 183 96 0
401 618 546 266 432 26 13 6
6 10 23 0 0 512
196 621 513 369 486 71
4 23 0 102 0 0
75 66 43 246
7 4 0 18 3 43
113 81 426 18 16 29 283
4 3 21 0 0 68
553 23 256 573
4 95 46 60 14 22
296 81 371 263
2 0 298 27 0 0
566 136
8 19 0 0 533 310
363 351 646 371 401 431 393 123
3 2 0 9 251 0
346 26 6
9 234 0 0 257 0
565 71 13 412 121 121 563 303 636
2 15 51 29 19 3
36 451
2 2 323 0 0 0
241 111
10 184 0 0 0 172
518 371 246 156 81 488 384 578 226 576
9 3 0 14 4 162
604 228 173 250 501 166 269 158 351
7 10 0 601 0 0
31 646 176 351 36 658 516
3 18 41 111 31 17
296 458 440
5 38 0 0 0 297
25 103 498 421 631
4 7 0 2 144 0
448 416 251 341
6 550 0 93 109 0
385 341 450 273 386 181
10 6 621 456 0 0
136 141 96 41 616 211 651 113 527 538
10 286 32 40 190 42
321 346 171 661 671 123 25 331 213 388
8 1 517 431 0 0
363 338 26 516 226 436 228 626
6 129 182 247 13 26
428 306 651 538 31 181
9 672 346 26 17 4
173 51 21 300 159 471 360 93 508
1 8 0 0 0 21
428
3 5 0 0 2 39
151 261 393
3 22 0 0 0 45
371 128 423
10 175 147 102 23 95
254 621 146 306 381 177 26 36 569 491
6 3 298 189 0 94
588 641 531 576 428 471
9 232 277 178 136 4
421 126 428 228 416 101 76 541 611
9 627 0 40 0 100
138 138 231 38 416 106 431 658 631
7 51 0 0 243 0
646 638 96 16 73 391 613
5 1 28 0 0 495
256 238 276 121 306
4 0 0 153 93 0
81 448 418 596
7 5 26 0 0 145
406 243 291 583 57 291 388
2 4 0 626 0 0
71 281
4 1 476 0 0 28
241 598 468 206
4 2 302 7 0 63
391 576 261 666
6 4 0 11 1 96
243 589 151 41 276 688
6 197 554 61 62 0
334 191 330 376 473 466
1 17 87 3 10 16
623
5 1 162 105 144 2
258 682 468 316 501
6 14 0 5 245 0
488 546 636 168 482 164
3 1 165 30 20 22
383 436 276
9 64 215 273 0 76
575 11 361 623 41 585 531 366 13
5 16 0 0 117 0
53 221 513 236 73
5 0 663 0 0 0
602 60 251 6 408
6 103 0 543 0 0
111 523 676 468 176 321
10 477 0 187 0 143
573 216 649 187 221 476 403 191 556 616
1 1 219 0 0 0
441
8 222 0 0 280 0
146 368 317 676 546 588 323 56
7 3 288 0 211 0
526 558 606 13 439 381 176
2 1 1 3 675 557
128 7
2 4 0 1 0 386
605 203
10 703 45 239 19 71
296 388 231 413 193 271 25 641 283 618
1 118 415 0 0 0
556
6 2 28 0 0 476
188 591 516 116 526 81
9 6 29 701 0 7
291 268 271 186 381 641 188 581 201
7 395 513 45 52 9
71 563 578 366 31 646 56
4 2 8 0 585 0
291 186 293 288
10 231 0 380 138 58
549 66 98 663 491 711 401 456 243 613
8 5 308 0 0 120
323 92 174 271 331 611 508 183
5 2 285 97 87 0
124 558 651 371 126
9 5 601 133 0 85
268 501 303 4 628 396 123 553 661
2 9 0 0 98 0
688 311
4 3 0 7 1 713
231 441 116 473
7 571 573 200 0 10
526 258 351 686 148 231 518
6 508 0 398 0 0
226 272 453 473 366 308
9 4 285 106 167 37
398 28 31 370 521 663 466 678 273
1 1 0 44 0 18
538
3 703 0 0 44 0
483 641 13
2 151 188 46 10 4
716 175
6 6 9 337 17 0
303 251 61 163 553 213
3 2 0 364 158 0
131 418 321
7 3 29 0 0 508
423 446 113 106 83 176 616
6 28 0 0 646 0
394 661 521 558 638 226
6 132 0 440 0 0
708 533 26 146 218 261
6 375 0 390 0 0
598 271 273 93 526 173
7 383 37 122 0 114
623 311 256 640 356 626 413
1 1 116 0 4 0
273
2 0 0 43 0 0
118 56
5 515 153 158 13 18
398 523 376 263 383
10 5 16 0 273 0
491 278 235 0 296 213 373 572 106 203
1 381 0 0 0 0
281
5 2 140 258 0 0
153 564 18 161 416
3 0 346 0 277 0
220 288 536
8 622 712 0 22 0
58 18 126 546 483 281 176 578
2 196 6 136 18 3
371 631
5 563 585 79 42 4
357 501 561 626 506
7 451 0 0 0 70
121 16 388 453 63 596 206
9 51 0 0 342 0
283 378 586 48 181 728 139 233 386
9 16 0 441 0 37
15 166 353 41 301 351 461 334 498
1 222 0 0 0 0
223
2 2 4 0 539 0
607 473
4 411 26 142 77 13
501 306 598 658
4 2 357 0 0 0
411 88 98 119
6 568 205 528 35 9
660 726 143 726 723 646
8 198 50 409 0 36
241 303 363 698 223 89 46 691
4 108 240 45 58 1
401 408 241 318
4 3 0 8 134 0
378 363 123 521
5 222 173 63 88 15
431 543 353 541 134
8 1 0 18 5 188
751 338 648 246 696 498 21 686
7 3 263 211 29 68
501 363 418 436 546 343 418
9 4 486 0 490 0
576 168 673 137 336 352 248 93 313
5 2 401 0 117 0
56 531 308 468 611
9 461 587 430 0 0
326 36 356 578 741 208 453 196 461
2 2 0 0 434 528
81 91
10 441 286 0 0 151
613 566 571 221 253 401 186 606 130 486
3 0 15 0 0 48
328 566 96
4 3 0 396 0 0
336 241 305 697
3 0 7 0 151 0
528 686 311
3 1 12 0 0 57
578 101 486
5 97 519 24 69 40
628 438 551 358 746
10 189 455 0 106 79
243 356 615 376 708 436 343 488 73 101
2 2 1 207 0 0
141 691
8 3 19 0 229 19
103 231 286 256 481 428 368 568
3 1 585 0 0 0
18 471 96
1 688 0 0 0 0
31
6 3 7 0 3 758
696 591 676 461 611 202
9 629 261 444 92 16
383 671 446 321 98 166 708 621 753
7 127 427 0 139 0
301 366 36 261 756 351 300
5 4 172 0 0 503
763 218 233 511 321
3 722 89 91 4 3
251 363 751
2 2 190 8 37 4
113 751
7 452 241 9 109 0
311 358 121 231 378 357 308
7 6 0 14 680 0
605 256 11 263 523 271 673
10 5 682 436 72 60
656 505 126 671 654 678 209 136 641 761
5 1 57 409 37 0
508 508 448 611 56
9 398 628 146 0 99
738 561 766 251 425 608 520 66 283
10 656 485 229 14 120
718 566 206 706 556 409 615 491 96 728
10 74 85 605 43 99
668 678 366 648 301 776 431 274 526 408
6 631 306 1 124 13
626 181 746 355 608 231
7 267 0 0 56 116
513 491 411 481 143 576 531
2 1 13 0 0 191
131 76
10 2 728 0 65 117
446 570 516 636 593 676 136 306 176 413
7 4 14 0 622 0
128 201 126 613 508 413 63
3 2 0 7 0 665
406 221 253
8 285 495 19 30 92
408 721 578 629 766 136 186 71
7 595 13 0 137 37
506 268 671 226 761 103 196
1 16 0 0 0 205
256
6 416 256 476 15 6
596 711 776 286 481 253
1 1 1 635 678 350
7
2 1 115 0 0 0
23 208
1 589 76 0 0 0
741
3 2 0 534 2 0
786 205 251
2 242 272 35 33 5
758 602
7 3 332 291 25 31
61 593 238 154 406 663 586
7 3 1 20 3 121
203 316 106 6 638 573 693
3 6 0 1 0 424
423 181 366
4 186 147 107 53 15
93 614 313 718
4 1 75 237 29 39
722 573 564 308
9 5 16 0 5 397
513 98 378 131 546 473 81 481 606
3 4 0 4 0 71
641 31 788
1 22 122 1 4 13
569
1 222 37 0 0 0
296
2 2 0 3 153 0
243 511
9 4 425 225 87 11
293 566 766 496 46 381 63 100 131
1 200 0 109 0 0
306
8 3 196 151 201 31
561 178 566 226 121 798 616 573
5 1 472 0 94 38
188 766 784 606 301
6 643 648 199 11 12
486 403 526 806 743 121
4 100 94 25 0 63
596 66 741 246
4 10 0 278 0 0
71 566 113 371
7 73 112 47 240 44
211 773 773 383 798 521 316
4 3 1 346 567 133
101 3 631 436
5 48 330 91 41 4
471 186 208 611 96
10 85 785 214 100 2
161 246 391 83 483 253 728 406 199 601
10 816 308 154 16 121
431 373 566 193 536 711 238 363 786 476
5 503 491 126 1 13
616 346 688 466 143
7 2 773 0 89 45
233 746 748 238 543 422 403
6 54 0 0 0 681
443 436 276 646 251 543
10 417 740 28 185 0
69 48 481 232 533 618 538 591 526 223
8 7 736 0 261 0
673 491 661 73 701 691 548 251
1 148 0 0 0 5
248
8 565 32 81 89 56
96 336 686 466 311 336 571 161
2 6 0 114 0 0
251 211
7 4 13 0 293 0
451 256 616 117 291 648 591
10 6 0 17 3 619
661 88 666 142 713 573 251 321 408 101
4 467 191 16 145 28
788 803 516 818
4 198 63 50 81 57
721 571 411 781
1 282 159 29 2 2
776
7 823 432 108 33 0
459 38 446 261 301 757 197
2 2 48 1 71 2
301 561
10 6 0 413 227 0
796 51 279 378 586 443 393 723 51 228
10 5 14 399 173 22
378 758 493 456 818 31 201 223 178 273
3 1 0 5 2 52
691 234 156
6 337 112 483 0 0
326 596 106 733 531 201
4 2 24 263 33 34
776 241 563 533
6 13 0 452 0 392
326 103 691 108 591 138
10 5 39 0 0 202
311 261 392 166 761 511 546 131 358 686
2 46 467 51 11 3
791 565
6 0 1 19 0 143
326 436 618 528 636 396
5 798 140 70 14 45
808 338 523 683 46
10 6 0 357 265 0
38 704 344 791 16 681 511 283 161 551
7 4 648 0 0 526
1 68 753 396 26 571 661
9 35 0 0 481 0
741 261 807 383 371 596 656 533 417
2 1 0 0 0 700
121 480
5 489 0 0 0 103
263 766 671 471 378
6 169 80 134 52 48
511 88 726 663 346 11
1 4 0 0 116 0
454
4 0 1 468 0 0
676 306 488 396
7 4 767 0 0 592
133 146 353 533 6 821 178
9 179 244 574 19 12
546 611 296 91 121 263 451 721 293
6 108 599 0 75 0
773 203 108 554 6 403
2 2 750 649 847 0
761 241
6 243 0 0 0 94
116 506 763 451 194 81
3 2 0 7 146 0
211 693 586
4 3 669 0 0 85
798 855 731 651
2 616 0 115 0 0
296 778
9 51 0 5 22 164
302 528 18 331 741 476 451 548 176
9 3 0 325 8 126
16 786 391 211 371 586 326 426 791
9 2 0 25 370 0
86 546 826 121 68 328 623 686 518
9 4 761 237 86 37
855 796 363 446 483 143 226 756 26
3 410 242 2 14 66
724 796 846
8 863 116 124 108 2
41 131 196 548 563 823 477 406
8 4 0 337 3 101
33 556 438 26 829 436 391 681
8 346 554 100 162 43
647 553 836 71 491 433 673 631
2 2 1 3 748 95
723 303
3 1 1 1 104 4
844 211 72
2 84 0 190 4 0
71 823
2 1 102 17 62 18
689 568
3 579 129 108 5 33
771 831 376
1 0 524 0 0 0
658
3 3 373 96 10 28
473 871 443
9 436 660 29 68 26
158 86 546 202 528 344 633 228 348
5 1 0 632 0 0
348 36 848 181 404
1 1 89 41 18 4
623
10 597 770 293 54 5
73 375 506 33 826 798 388 353 456 141
3 1 1 5 1 48
128 718 143
6 464 220 177 36 56
236 838 271 783 791 173
10 195 49 530 0 92
796 236 186 320 706 426 728 498 56 301
6 4 73 234 156 1
471 393 557 771 396 78
1 1 119 51 4 5
583
10 5 6 25 0 835
586 323 755 188 538 753 213 696 391 134
4 793 249 18 73 10
603 411 681 598
10 4 239 361 125 60
710 461 181 421 638 246 266 628 837 8
1 0 0 785 0 0
676
1 185 33 0 0 0
251
2 14 0 0 0 52
726 348
2 2 562 57 7 2
783 681
1 2 0 0 68 0
682
6 3 5 4 178 53
653 118 426 857 641 176
7 5 421 205 135 0
381 191 61 568 543 468 807
2 2 103 209 10 27
843 851
1 423 65 19 19 2
879
1 641 0 370 0 0
746
1 5 0 0 160 0
206
8 2 0 19 4 877
711 606 693 376 366 638 428 60
5 0 0 14 466 0
426 306 240 888 86
6 4 18 0 0 316
771 141 843 6 271 668
5 3 102 353 47 25
136 776 651 805 219
10 651 10 194 13 175
606 628 428 406 558 538 196 706 118 893
6 843 0 0 0 157
758 843 648 373 761 596
3 639 377 19 3 19
441 868 571
6 3 3 8 3 52
116 161 276 76 163 339
2 405 0 0 0 42
436 805
8 679 107 0 0 138
476 651 841 596 403 85 55 546
9 5 0 18 876 0
58 68 343 793 671 621 826 491 376
6 674 122 391 0 38
561 336 141 836 761 608
8 2 0 23 255 73
56 426 115 546 548 616 486 171
7 247 391 260 103 12
21 168 868 411 671 751 449
6 5 203 161 63 50
21 511 743 813 80 521
4 1 21 0 255 0
174 881 842 696
4 295 64 0 27 37
429 446 403 156
7 600 0 0 285 0
18 501 796 606 306 586 635
4 1 2 415 0 0
748 696 203 18
6 114 8 382 181 25
858 876 743 8 802 683
4 2 2 2 2 115
706 861 496 271
1 1 0 0 93 0
761
2 1 0 584 0 0
706 316
10 47 104 446 81 77
403 491 72 500 149 523 888 501 61 821
10 266 869 341 101 2
641 68 366 868 558 417 78 386 688 348
1 18 29 30 13 22
766
2 202 0 0 0 54
541 736
10 39 512 27 142 136
741 198 541 809 306 486 233 703 741 553
1 0 0 102 0 0
408
5 3 0 363 80 10
803 420 463 143 626
6 2 4 626 0 1
326 57 758 336 271 783
5 2 1 8 4 84
6 158 351 846 395
8 928 770 218 148 39
508 811 906 738 833 773 876 386
6 4 927 0 0 69
356 848 541 211 783 481
6 343 387 147 105 13
821 216 156 583 598 651
6 3 14 0 3 894
745 91 506 858 68 733
4 221 0 0 213 0
281 881 408 781
4 86 423 8 80 7
103 916 539 346
9 43 0 0 213 292
203 218 248 161 763 726 837 396 311
5 2 1 10 0 790
508 741 381 238 836
8 4 0 18 4 161
103 673 646 391 138 33 508 848
6 4 9 0 36 130
633 181 156 376 733 903
6 335 119 203 22 45
673 256 586 26 391 576
4 2 8 2 1 93
126 386 811 573
7 5 0 21 200 0
13 573 533 288 516 53 113
3 2 489 0 0 0
26 61 893
6 4 57 36 206 0
791 736 298 241 43 223
5 476 0 0 51 0
111 103 301 233 246
7 4 1 11 0 125
416 241 252 721 616 21 283
3 2 71 112 132 15
821 796 595
6 4 202 667 86 57
843 866 731 851 931 858
4 28 0 0 92 0
378 248 266 56
9 565 511 123 171 10
676 566 456 571 268 293 573 8 578
5 2 1 9 1 517
713 425 406 526 181
5 4 284 35 165 0
796 781 329 51 409
4 3 0 6 187 0
821 843 205 28
5 2 0 76 186 0
263 654 518 378 341
2 265 0 0 79 0
455 593
3 482 99 0 91 0
416 846 328
3 2 344 0 0 35
931 201 258
5 102 594 56 176 1
283 943 746 826 496
3 1 416 852 0 0
856 476 341
4 476 0 0 0 46
676 358 53 306
3 0 0 42 838 0
460 905 148
9 6 515 470 20 52
486 521 306 471 935 9 480 541 411
7 590 0 0 547 0
568 468 98 286 790 16 399
9 1 549 55 237 75
638 386 876 684 720 659 726 458 46
5 3 0 7 3 389
551 208 735 361 726
10 4 36 0 0 325
216 581 386 246 621 431 471 266 758 101
1 3 0 0 1 765
113
6 50 0 0 0 790
648 841 781 335 937 648
5 586 0 0 86 0
483 613 68 91 201
3 288 22 9 101 7
776 666 96
2 1 1 4 104 808
246 3
1 0 3 0 0 38
326
2 1 4 0 694 135
231 478
10 856 463 0 239 0
446 33 838 293 396 631 711 116 58 651
8 488 369 323 78 124
776 132 866 718 841 853 914 678
9 5 0 14 4 361
441 81 14 743 866 138 621 701 356
5 20 0 0 242 0
300 238 433 908 561
1 1 0 0 80 0
801
6 122 828 162 0 0
311 11 896 26 736 446
1 40 3 58 4 8
478
10 5 1 17 4 228
130 943 711 718 329 372 401 536 83 453
4 49 553 124 15 16
746 411 308 656
8 837 0 0 0 182
836 921 123 856 108 806 56 771
5 481 23 292 102 16
633 886 306 886 325
5 1 1 14 1 116
436 933 378 6 636
7 3 3 103 0 144
208 294 271 728 871 296 341
5 3 0 13 1 113
963 213 456 236 461
7 4 0 15 189 64
298 677 250 573 461 757 218
9 4 953 55 242 17
418 716 911 112 88 225 876 983 563
1 70 104 15 41 9
928
8 637 0 0 0 139
163 391 531 656 468 141 241 811
3 671 0 214 0 9
913 133 661
5 3 0 467 206 0
758 791 911 561 911
4 1 196 279 47 47
746 664 516 993
5 24 0 0 290 0
526 691 548 616 543
5 0 16 0 912 0
354 126 158 246 548
2 14 0 0 0 688
911 303
1 1 369 0 0 0
741
9 35 0 0 219 718
531 181 56 346 367 493 383 248 631
2 185 0 0 0 59
756 606
6 369 348 439 34 12
768 898 521 578 131 515
6 3 0 17 3 180
636 11 893 796 143 366
9 268 245 352 102 22
270 336 224 829 151 953 1 96 766
4 2 41 0 224 0
609 613 336 766
10 760 588 698 5 2
221 749 918 999 36 588 322 256 378 351
7 2 11 0 4 930
291 563 658 1000 656 450 126
2 1 4 0 162 0
623 1006
